cam_pos      = [113.061, 480.072, -279.32]';
cam_dir      = [0.512388, -0.321412, 0.796337]';
cam_up       = [-0.0762619, 0.906622, 0.414994]';
cam_lookat   = [0, 0, 1]';
cam_sky      = [0, 1, 0]';
cam_right    = [1.13763, 0.363579, -0.585241]';
cam_fpoint   = [0, 0, 10]';
cam_angle    = 90;
