cam_pos      = [93.3563, 462.925, -298.216]';
cam_dir      = [0.0310662, -0.449314, 0.892833]';
cam_up       = [-0.0159743, 0.892927, 0.449917]';
cam_lookat   = [0, 0, 1]';
cam_sky      = [0, 1, 0]';
cam_right    = [1.32919, 0.0375587, -0.027348]';
cam_fpoint   = [0, 0, 10]';
cam_angle    = 90;
