cam_pos      = [95.3859, 465.084, -263.851]';
cam_dir      = [0.338065, -0.458486, 0.82189]';
cam_up       = [0.137018, 0.887981, 0.438995]';
cam_lookat   = [0, 0, 1]';
cam_sky      = [0, 1, 0]';
cam_right    = [1.23836, 0.0476075, -0.482811]';
cam_fpoint   = [0, 0, 10]';
cam_angle    = 90;
