cam_pos      = [68.8548, 461.653, -291.369]';
cam_dir      = [-0.032922, -0.289862, 0.956502]';
cam_up       = [0.049648, 0.955365, 0.291226]';
cam_lookat   = [0, 0, 1]';
cam_sky      = [0, 1, 0]';
cam_right    = [1.32764, -0.0759113, 0.0226918]';
cam_fpoint   = [0, 0, 10]';
cam_angle    = 90;
