cam_pos      = [152.826, 462.125, -316.315]';
cam_dir      = [0.22312, -0.315169, 0.922435]';
cam_up       = [0.00435411, 0.946603, 0.322373]';
cam_lookat   = [0, 0, 1]';
cam_sky      = [0, 1, 0]';
cam_right    = [1.29646, 0.0903223, -0.282729]';
cam_fpoint   = [0, 0, 10]';
cam_angle    = 90;
