cam_pos      = [79.2384, 490.994, -270.334]';
cam_dir      = [0.312296, -0.359965, 0.879145]';
cam_up       = [0.103865, 0.932821, 0.345047]';
cam_lookat   = [0, 0, 1]';
cam_sky      = [0, 1, 0]';
cam_right    = [1.25591, 0.0218709, -0.437176]';
cam_fpoint   = [0, 0, 10]';
cam_angle    = 90;
