cam_pos      = [128.018, 460.396, -298.231]';
cam_dir      = [0.0957336, -0.307466, 0.946731]';
cam_up       = [-0.0491607, 0.948478, 0.313005]';
cam_lookat   = [0, 0, 1]';
cam_sky      = [0, 1, 0]';
cam_right    = [1.32228, 0.101754, -0.100662]';
cam_fpoint   = [0, 0, 10]';
cam_angle    = 90;
