cam_pos      = [111.733, 472.364, -285.781]';
cam_dir      = [0.228175, -0.589151, 0.775137]';
cam_up       = [0.512695, 0.749522, 0.418762]';
cam_lookat   = [0, 0, 1]';
cam_sky      = [0, 1, 0]';
cam_right    = [1.10084, -0.401471, -0.629192]';
cam_fpoint   = [0, 0, 10]';
cam_angle    = 90;
