cam_pos      = [101.533, 474.251, -280.925]';
cam_dir      = [0.363649, -0.396669, 0.84286]';
cam_up       = [0.0745109, 0.914294, 0.39814]';
cam_lookat   = [0, 0, 1]';
cam_sky      = [0, 1, 0]';
cam_right    = [1.23497, 0.109034, -0.481511]';
cam_fpoint   = [0, 0, 10]';
cam_angle    = 90;
