cam_pos      = [98.766, 453.883, -278.494]';
cam_dir      = [0.385407, -0.446881, 0.807316]';
cam_up       = [0.079541, 0.887738, 0.453426]';
cam_lookat   = [0, 0, 1]';
cam_sky      = [0, 1, 0]';
cam_right    = [1.22268, 0.147017, -0.502322]';
cam_fpoint   = [0, 0, 10]';
cam_angle    = 90;
