cam_pos      = [99.1563, 467.483, -286.896]';
cam_dir      = [0.138642, -0.272238, 0.95219]';
cam_up       = [0.03518, 0.962222, 0.269984]';
cam_lookat   = [0, 0, 1]';
cam_sky      = [0, 1, 0]';
cam_right    = [1.31632, 0.00523102, -0.190166]';
cam_fpoint   = [0, 0, 10]';
cam_angle    = 90;
