cam_pos      = [57.8831, 450.373, -276.743]';
cam_dir      = [0.0200967, -0.309916, 0.950552]';
cam_up       = [0.113112, 0.945344, 0.305827]';
cam_lookat   = [0, 0, 1]';
cam_sky      = [0, 1, 0]';
cam_right    = [1.32119, -0.134826, -0.0718912]';
cam_fpoint   = [0, 0, 10]';
cam_angle    = 90;
