cam_pos      = [127.356, 459.202, -307.57]';
cam_dir      = [0.161253, -0.3252, 0.931795]';
cam_up       = [0.0169663, 0.944925, 0.326846]';
cam_lookat   = [0, 0, 1]';
cam_sky      = [0, 1, 0]';
cam_right    = [1.3124, 0.0490714, -0.209994]';
cam_fpoint   = [0, 0, 10]';
cam_angle    = 90;
