cam_pos      = [85.8782, 464.744, -297.691]';
cam_dir      = [0.0337916, -0.300788, 0.953092]';
cam_up       = [0.0258087, 0.953581, 0.300027]';
cam_lookat   = [0, 0, 1]';
cam_sky      = [0, 1, 0]';
cam_right    = [1.3288, -0.0192314, -0.0531814]';
cam_fpoint   = [0, 0, 10]';
cam_angle    = 90;
