cam_pos      = [151.139, 470.613, -311.745]';
cam_dir      = [0.203534, -0.293837, 0.933935]';
cam_up       = [-0.040978, 0.950509, 0.307982]';
cam_lookat   = [0, 0, 1]';
cam_sky      = [0, 1, 0]';
cam_right    = [1.30102, 0.134271, -0.241289]';
cam_fpoint   = [0, 0, 10]';
cam_angle    = 90;
