cam_pos      = [90.5733, 482.505, -272.482]';
cam_dir      = [0.345413, -0.38255, 0.85694]';
cam_up       = [0.056524, 0.919966, 0.387902]';
cam_lookat   = [0, 0, 1]';
cam_sky      = [0, 1, 0]';
cam_right    = [1.24587, 0.11378, -0.45139]';
cam_fpoint   = [0, 0, 10]';
cam_angle    = 90;
