cam_pos      = [166.3, 452.229, -326.904]';
cam_dir      = [0.352836, -0.329345, 0.875807]';
cam_up       = [0.0542866, 0.941635, 0.332229]';
cam_lookat   = [0, 0, 1]';
cam_sky      = [0, 1, 0]';
cam_right    = [1.24236, 0.0926715, -0.465662]';
cam_fpoint   = [0, 0, 10]';
cam_angle    = 90;
