cam_pos      = [161.751, 465.315, -321.961]';
cam_dir      = [0.326442, -0.306645, 0.894094]';
cam_up       = [-0.03487, 0.941363, 0.335588]';
cam_lookat   = [0, 0, 1]';
cam_sky      = [0, 1, 0]';
cam_right    = [1.25628, 0.187167, -0.394489]';
cam_fpoint   = [0, 0, 10]';
cam_angle    = 90;
