cam_pos      = [100.553, 458.013, -275.717]';
cam_dir      = [0.354328, -0.475015, 0.805489]';
cam_up       = [0.112374, 0.876761, 0.467613]';
cam_lookat   = [0, 0, 1]';
cam_sky      = [0, 1, 0]';
cam_right    = [1.2347, 0.0999793, -0.484173]';
cam_fpoint   = [0, 0, 10]';
cam_angle    = 90;
