cam_pos      = [133.405, 477.918, -283.515]';
cam_dir      = [0.458123, -0.298039, 0.837434]';
cam_up       = [-0.104825, 0.917425, 0.383853]';
cam_lookat   = [0, 0, 1]';
cam_sky      = [0, 1, 0]';
cam_right    = [1.17397, 0.350636, -0.517439]';
cam_fpoint   = [0, 0, 10]';
cam_angle    = 90;
