cam_pos      = [109.089, 466.32, -292.688]';
cam_dir      = [0.176638, -0.286128, 0.94177]';
cam_up       = [0.0333732, 0.958005, 0.284801]';
cam_lookat   = [0, 0, 1]';
cam_sky      = [0, 1, 0]';
cam_right    = [1.30833, 0.0251061, -0.237763]';
cam_fpoint   = [0, 0, 10]';
cam_angle    = 90;
