cam_pos      = [68.4551, 479.858, -279.113]';
cam_dir      = [0.248563, -0.364704, 0.897334]';
cam_up       = [0.159182, 0.929193, 0.333559]';
cam_lookat   = [0, 0, 1]';
cam_sky      = [0, 1, 0]';
cam_right    = [1.27074, -0.0797056, -0.384393]';
cam_fpoint   = [0, 0, 10]';
cam_angle    = 90;
