cam_pos      = [130.387, 462.496, -311.233]';
cam_dir      = [0.161036, -0.31807, 0.934291]';
cam_up       = [0.0171953, 0.947406, 0.319571]';
cam_lookat   = [0, 0, 1]';
cam_sky      = [0, 1, 0]';
cam_right    = [1.31244, 0.0470781, -0.210188]';
cam_fpoint   = [0, 0, 10]';
cam_angle    = 90;
