cam_pos      = [154.613, 462.839, -316.963]';
cam_dir      = [0.230181, -0.312236, 0.921697]';
cam_up       = [0.000782819, 0.947189, 0.320676]';
cam_lookat   = [0, 0, 1]';
cam_sky      = [0, 1, 0]';
cam_right    = [1.29429, 0.0972124, -0.290298]';
cam_fpoint   = [0, 0, 10]';
cam_angle    = 90;
