cam_pos      = [133.226, 467.8, -301.356]';
cam_dir      = [0.286211, -0.286434, 0.914352]';
cam_up       = [0.0337693, 0.956695, 0.289128]';
cam_lookat   = [0, 0, 1]';
cam_sky      = [0, 1, 0]';
cam_right    = [1.27357, 0.0689932, -0.37704]';
cam_fpoint   = [0, 0, 10]';
cam_angle    = 90;
