cam_pos      = [127.199, 461.863, -309.25]';
cam_dir      = [0.168437, -0.319072, 0.932642]';
cam_up       = [0.0181812, 0.947005, 0.320702]';
cam_lookat   = [0, 0, 1]';
cam_sky      = [0, 1, 0]';
cam_right    = [1.31077, 0.0492919, -0.219865]';
cam_fpoint   = [0, 0, 10]';
cam_angle    = 90;
