cam_pos      = [91.2728, 483.27, -271.711]';
cam_dir      = [0.538871, -0.329938, 0.775087]';
cam_up       = [-0.0237514, 0.913789, 0.405494]';
cam_lookat   = [0, 0, 1]';
cam_sky      = [0, 1, 0]';
cam_right    = [1.11993, 0.315101, -0.644489]';
cam_fpoint   = [0, 0, 10]';
cam_angle    = 90;
