cam_pos      = [105.467, 482.344, -285.842]';
cam_dir      = [0.0232296, -0.403944, 0.914489]';
cam_up       = [-0.103657, 0.908832, 0.404078]';
cam_lookat   = [0, 0, 1]';
cam_sky      = [0, 1, 0]';
cam_right    = [1.32247, 0.138559, 0.0276105]';
cam_fpoint   = [0, 0, 10]';
cam_angle    = 90;
