cam_pos      = [75.4181, 465.378, -272.885]';
cam_dir      = [0.0468316, -0.286638, 0.956894]';
cam_up       = [0.064249, 0.956826, 0.283473]';
cam_lookat   = [0, 0, 1]';
cam_sky      = [0, 1, 0]';
cam_right    = [1.32579, -0.0641113, -0.0840904]';
cam_fpoint   = [0, 0, 10]';
cam_angle    = 90;
