cam_pos      = [164.804, 443.848, -332.269]';
cam_dir      = [0.265312, -0.355619, 0.896183]';
cam_up       = [0.0475617, 0.93319, 0.356223]';
cam_lookat   = [0, 0, 1]';
cam_sky      = [0, 1, 0]';
cam_right    = [1.28078, 0.0690086, -0.351785]';
cam_fpoint   = [0, 0, 10]';
cam_angle    = 90;
