cam_pos      = [113.265, 461.574, -292.472]';
cam_dir      = [0.370879, -0.476081, 0.797368]';
cam_up       = [-0.00735512, 0.85707, 0.515148]';
cam_lookat   = [0, 0, 1]';
cam_sky      = [0, 1, 0]';
cam_right    = [1.23511, 0.261906, -0.418108]';
cam_fpoint   = [0, 0, 10]';
cam_angle    = 90;
