cam_pos      = [103.696, 490.243, -270.354]';
cam_dir      = [0.370714, -0.341745, 0.863586]';
cam_up       = [0.0826212, 0.938289, 0.33584]';
cam_lookat   = [0, 0, 1]';
cam_sky      = [0, 1, 0]';
cam_right    = [1.23034, 0.0706894, -0.500176]';
cam_fpoint   = [0, 0, 10]';
cam_angle    = 90;
