cam_pos      = [112.666, 464.342, -290.475]';
cam_dir      = [0.364529, -0.476214, 0.800212]';
cam_up       = [0.0114326, 0.861565, 0.507518]';
cam_lookat   = [0, 0, 1]';
cam_sky      = [0, 1, 0]';
cam_right    = [1.23839, 0.23389, -0.424948]';
cam_fpoint   = [0, 0, 10]';
cam_angle    = 90;
