cam_pos      = [130.8, 483.396, -306.46]';
cam_dir      = [0.15755, -0.435088, 0.886497]';
cam_up       = [-0.0658283, 0.891084, 0.449039]';
cam_lookat   = [0, 0, 1]';
cam_sky      = [0, 1, 0]';
cam_right    = [1.31047, 0.171707, -0.148626]';
cam_fpoint   = [0, 0, 10]';
cam_angle    = 90;
