cam_pos      = [127.844, 441.835, -322.344]';
cam_dir      = [0.199653, -0.384694, 0.901193]';
cam_up       = [0.0597193, 0.922777, 0.380678]';
cam_lookat   = [0, 0, 1]';
cam_sky      = [0, 1, 0]';
cam_right    = [1.3008, 0.0295058, -0.275588]';
cam_fpoint   = [0, 0, 10]';
cam_angle    = 90;
