cam_pos      = [94.3897, 480.131, -292.518]';
cam_dir      = [0.00817691, -0.414032, 0.910226]';
cam_up       = [-0.0894306, 0.906306, 0.413052]';
cam_lookat   = [0, 0, 1]';
cam_sky      = [0, 1, 0]';
cam_right    = [1.32463, 0.112757, 0.0393898]';
cam_fpoint   = [0, 0, 10]';
cam_angle    = 90;
