cam_pos      = [89.5161, 478.373, -274.115]';
cam_dir      = [-0.0650237, -0.366086, 0.928306]';
cam_up       = [-0.0673162, 0.929765, 0.361946]';
cam_lookat   = [0, 0, 1]';
cam_sky      = [0, 1, 0]';
cam_right    = [1.32416, 0.0518101, 0.113183]';
cam_fpoint   = [0, 0, 10]';
cam_angle    = 90;
