cam_pos      = [100.435, 471.084, -300.096]';
cam_dir      = [0.0607961, -0.294961, 0.953573]';
cam_up       = [0.00484674, 0.955416, 0.295222]';
cam_lookat   = [0, 0, 1]';
cam_sky      = [0, 1, 0]';
cam_right    = [1.32752, 0.0177244, -0.0791552]';
cam_fpoint   = [0, 0, 10]';
cam_angle    = 90;
