cam_pos      = [98.4569, 485.524, -269.947]';
cam_dir      = [0.363803, -0.375013, 0.85265]';
cam_up       = [0.0772994, 0.924373, 0.373576]';
cam_lookat   = [0, 0, 1]';
cam_sky      = [0, 1, 0]';
cam_right    = [1.23459, 0.0930985, -0.48582]';
cam_fpoint   = [0, 0, 10]';
cam_angle    = 90;
