cam_pos      = [89.0931, 455.34, -297.823]';
cam_dir      = [0.109483, -0.320617, 0.94086]';
cam_up       = [0.0433846, 0.94719, 0.317725]';
cam_lookat   = [0, 0, 1]';
cam_sky      = [0, 1, 0]';
cam_right    = [1.32074, -0.00802433, -0.156423]';
cam_fpoint   = [0, 0, 10]';
cam_angle    = 90;
