cam_pos      = [85.6878, 481.279, -269.588]';
cam_dir      = [0.363383, -0.373225, 0.853613]';
cam_up       = [0.0912301, 0.9261, 0.366082]';
cam_lookat   = [0, 0, 1]';
cam_sky      = [0, 1, 0]';
cam_right    = [1.23313, 0.073353, -0.492869]';
cam_fpoint   = [0, 0, 10]';
cam_angle    = 90;
