cam_pos      = [172.122, 465.828, -319.126]';
cam_dir      = [0.364198, -0.27165, 0.890823]';
cam_up       = [0.00141473, 0.956676, 0.291153]';
cam_lookat   = [0, 0, 1]';
cam_sky      = [0, 1, 0]';
cam_right    = [1.23866, 0.139353, -0.463909]';
cam_fpoint   = [0, 0, 10]';
cam_angle    = 90;
