cam_pos      = [114.99, 475.112, -299.215]';
cam_dir      = [0.191789, -0.350981, 0.916531]';
cam_up       = [0.00242197, 0.934034, 0.357177]';
cam_lookat   = [0, 0, 1]';
cam_sky      = [0, 1, 0]';
cam_right    = [1.30531, 0.088156, -0.239383]';
cam_fpoint   = [0, 0, 10]';
cam_angle    = 90;
