cam_pos      = [132.389, 491.447, -256.113]';
cam_dir      = [0.445136, -0.34086, 0.828051]';
cam_up       = [0.0493501, 0.932651, 0.357389]';
cam_lookat   = [0, 0, 1]';
cam_sky      = [0, 1, 0]';
cam_right    = [1.18916, 0.157235, -0.574531]';
cam_fpoint   = [0, 0, 10]';
cam_angle    = 90;
