cam_pos      = [112.736, 474.033, -289.55]';
cam_dir      = [0.339489, -0.484944, 0.805963]';
cam_up       = [0.0719527, 0.86773, 0.491801]';
cam_lookat   = [0, 0, 1]';
cam_sky      = [0, 1, 0]';
cam_right    = [1.24735, 0.14493, -0.438206]';
cam_fpoint   = [0, 0, 10]';
cam_angle    = 90;
