cam_pos      = [101.654, 465.4, -323.14]';
cam_dir      = [0.295326, -0.536461, 0.790564]';
cam_up       = [0.0720454, 0.837621, 0.541479]';
cam_lookat   = [0, 0, 1]';
cam_sky      = [0, 1, 0]';
cam_right    = [1.26706, 0.136931, -0.380408]';
cam_fpoint   = [0, 0, 10]';
cam_angle    = 90;
