cam_pos      = [107.556, 473.499, -285.712]';
cam_dir      = [0.3099, -0.499833, 0.808783]';
cam_up       = [0.113917, 0.864054, 0.490341]';
cam_lookat   = [0, 0, 1]';
cam_sky      = [0, 1, 0]';
cam_right    = [1.25541, 0.0795641, -0.431864]';
cam_fpoint   = [0, 0, 10]';
cam_angle    = 90;
