cam_pos      = [107.373, 450.512, -278.831]';
cam_dir      = [0.405172, -0.439013, 0.801937]';
cam_up       = [0.0739225, 0.890022, 0.449885]';
cam_lookat   = [0, 0, 1]';
cam_sky      = [0, 1, 0]';
cam_right    = [1.21196, 0.16359, -0.522776]';
cam_fpoint   = [0, 0, 10]';
cam_angle    = 90;
