cam_pos      = [97.3459, 460.994, -291.985]';
cam_dir      = [0.259463, -0.407071, 0.87577]';
cam_up       = [0.0637021, 0.912065, 0.405068]';
cam_lookat   = [0, 0, 1]';
cam_sky      = [0, 1, 0]';
cam_right    = [1.28165, 0.0655847, -0.349229]';
cam_fpoint   = [0, 0, 10]';
cam_angle    = 90;
