cam_pos      = [117.176, 460.257, -262.349]';
cam_dir      = [0.396634, -0.439516, 0.80592]';
cam_up       = [0.0850979, 0.891755, 0.444446]';
cam_lookat   = [0, 0, 1]';
cam_sky      = [0, 1, 0]';
cam_right    = [1.21565, 0.143241, -0.520166]';
cam_fpoint   = [0, 0, 10]';
cam_angle    = 90;
