cam_pos      = [121.335, 482.045, -273.561]';
cam_dir      = [0.447535, -0.311403, 0.838296]';
cam_up       = [-0.0490003, 0.927465, 0.370686]';
cam_lookat   = [0, 0, 1]';
cam_sky      = [0, 1, 0]';
cam_right    = [1.18759, 0.275273, -0.531753]';
cam_fpoint   = [0, 0, 10]';
cam_angle    = 90;
