cam_pos      = [83.9577, 481.206, -275.326]';
cam_dir      = [0.447041, -0.36142, 0.818248]';
cam_up       = [-0.000378513, 0.914664, 0.404214]';
cam_lookat   = [0, 0, 1]';
cam_sky      = [0, 1, 0]';
cam_right    = [1.1897, 0.240743, -0.543645]';
cam_fpoint   = [0, 0, 10]';
cam_angle    = 90;
