cam_pos      = [84.5041, 450.916, -282.272]';
cam_dir      = [0.0844152, -0.270205, 0.959095]';
cam_up       = [0.0631939, 0.962045, 0.265474]';
cam_lookat   = [0, 0, 1]';
cam_sky      = [0, 1, 0]';
cam_right    = [1.32259, -0.0508045, -0.130721]';
cam_fpoint   = [0, 0, 10]';
cam_angle    = 90;
