cam_pos      = [106.029, 465.868, -257.696]';
cam_dir      = [0.316401, -0.44711, 0.83665]';
cam_up       = [0.15827, 0.894479, 0.41816]';
cam_lookat   = [0, 0, 1]';
cam_sky      = [0, 1, 0]';
cam_right    = [1.24399, -0.000146575, -0.470525]';
cam_fpoint   = [0, 0, 10]';
cam_angle    = 90;
