cam_pos      = [103.09, 445.981, -322.476]';
cam_dir      = [0.287181, -0.550673, 0.783764]';
cam_up       = [0.046334, 0.825259, 0.56285]';
cam_lookat   = [0, 0, 1]';
cam_sky      = [0, 1, 0]';
cam_right    = [1.27248, 0.166682, -0.349144]';
cam_fpoint   = [0, 0, 10]';
cam_angle    = 90;
