cam_pos      = [68.4396, 445.47, -290.763]';
cam_dir      = [0.0714368, -0.31983, 0.944778]';
cam_up       = [0.0349206, 0.947419, 0.318084]';
cam_lookat   = [0, 0, 1]';
cam_sky      = [0, 1, 0]';
cam_right    = [1.32579, -0.0136582, -0.104869]';
cam_fpoint   = [0, 0, 10]';
cam_angle    = 90;
