cam_pos      = [137.16, 476.84, -268.109]';
cam_dir      = [0.501893, -0.304178, 0.809679]';
cam_up       = [-0.0992072, 0.909697, 0.403248]';
cam_lookat   = [0, 0, 1]';
cam_sky      = [0, 1, 0]';
cam_right    = [1.14277, 0.376008, -0.567104]';
cam_fpoint   = [0, 0, 10]';
cam_angle    = 90;
