cam_pos      = [112.831, 486.157, -264.376]';
cam_dir      = [0.44025, -0.317107, 0.840014]';
cam_up       = [0.0355246, 0.940977, 0.336602]';
cam_lookat   = [0, 0, 1]';
cam_sky      = [0, 1, 0]';
cam_right    = [1.19324, 0.157403, -0.565955]';
cam_fpoint   = [0, 0, 10]';
cam_angle    = 90;
