cam_pos      = [104.31, 464.321, -297.385]';
cam_dir      = [0.0897968, -0.295308, 0.951173]';
cam_up       = [0.00493733, 0.955151, 0.296077]';
cam_lookat   = [0, 0, 1]';
cam_sky      = [0, 1, 0]';
cam_right    = [1.32461, 0.0291144, -0.116013]';
cam_fpoint   = [0, 0, 10]';
cam_angle    = 90;
