cam_pos      = [83.6322, 441.759, -307.419]';
cam_dir      = [0.000486695, -0.344555, 0.938766]';
cam_up       = [0.00262592, 0.938763, 0.344553]';
cam_lookat   = [0, 0, 1]';
cam_sky      = [0, 1, 0]';
cam_right    = [1.32999, -0.00305558, -0.00181102]';
cam_fpoint   = [0, 0, 10]';
cam_angle    = 90;
