cam_pos      = [102.823, 479.631, -294.543]';
cam_dir      = [0.0563272, -0.398527, 0.915425]';
cam_up       = [-0.0767323, 0.912441, 0.401949]';
cam_lookat   = [0, 0, 1]';
cam_sky      = [0, 1, 0]';
cam_right    = [1.32396, 0.123535, -0.0276845]';
cam_fpoint   = [0, 0, 10]';
cam_angle    = 90;
