cam_pos      = [118.83, 481.312, -280.821]';
cam_dir      = [0.440905, -0.308835, 0.842748]';
cam_up       = [-0.0463367, 0.929854, 0.364999]';
cam_lookat   = [0, 0, 1]';
cam_sky      = [0, 1, 0]';
cam_right    = [1.19215, 0.265973, -0.526237]';
cam_fpoint   = [0, 0, 10]';
cam_angle    = 90;
