cam_pos      = [83.4405, 478.926, -272.842]';
cam_dir      = [0.29345, -0.403064, 0.866849]';
cam_up       = [0.104938, 0.914872, 0.389869]';
cam_lookat   = [0, 0, 1]';
cam_sky      = [0, 1, 0]';
cam_right    = [1.26376, 0.0311775, -0.413319]';
cam_fpoint   = [0, 0, 10]';
cam_angle    = 90;
