cam_pos      = [95.8013, 483.457, -292.224]';
cam_dir      = [0.249538, -0.318545, 0.914472]';
cam_up       = [0.0823989, 0.947907, 0.307707]';
cam_lookat   = [0, 0, 1]';
cam_sky      = [0, 1, 0]';
cam_right    = [1.28325, 0.00190596, -0.349505]';
cam_fpoint   = [0, 0, 10]';
cam_angle    = 90;
