cam_pos      = [145.249, 436.968, -320.628]';
cam_dir      = [0.162336, -0.343615, 0.924973]';
cam_up       = [0.0838643, 0.93882, 0.334041]';
cam_lookat   = [0, 0, 1]';
cam_sky      = [0, 1, 0]';
cam_right    = [1.30761, -0.0310494, -0.241024]';
cam_fpoint   = [0, 0, 10]';
cam_angle    = 90;
