cam_pos      = [57.0797, 458.051, -272.916]';
cam_dir      = [0.0114011, -0.280289, 0.959848]';
cam_up       = [0.0877719, 0.956486, 0.278265]';
cam_lookat   = [0, 0, 1]';
cam_sky      = [0, 1, 0]';
cam_right    = [1.32478, -0.10783, -0.0472236]';
cam_fpoint   = [0, 0, 10]';
cam_angle    = 90;
