cam_pos      = [52.1678, 455.273, -272.147]';
cam_dir      = [-0.000582739, -0.28379, 0.958886]';
cam_up       = [0.100541, 0.954011, 0.282408]';
cam_lookat   = [0, 0, 1]';
cam_sky      = [0, 1, 0]';
cam_right    = [1.32326, -0.128441, -0.0372089]';
cam_fpoint   = [0, 0, 10]';
cam_angle    = 90;
