cam_pos      = [107.044, 447.537, -288.116]';
cam_dir      = [0.404229, -0.449437, 0.796621]';
cam_up       = [0.0561964, 0.881508, 0.468813]';
cam_lookat   = [0, 0, 1]';
cam_sky      = [0, 1, 0]';
cam_right    = [1.2142, 0.192506, -0.507512]';
cam_fpoint   = [0, 0, 10]';
cam_angle    = 90;
