cam_pos      = [81.8011, 463.8, -278.175]';
cam_dir      = [0.0679808, -0.316978, 0.945993]';
cam_up       = [0.0611573, 0.947728, 0.313164]';
cam_lookat   = [0, 0, 1]';
cam_sky      = [0, 1, 0]';
cam_right    = [1.32443, -0.0486318, -0.111471]';
cam_fpoint   = [0, 0, 10]';
cam_angle    = 90;
