cam_pos      = [154.84, 437.48, -322.575]';
cam_dir      = [0.185577, -0.340834, 0.921625]';
cam_up       = [0.075434, 0.940091, 0.332474]';
cam_lookat   = [0, 0, 1]';
cam_sky      = [0, 1, 0]';
cam_right    = [1.30304, -0.0104038, -0.266226]';
cam_fpoint   = [0, 0, 10]';
cam_angle    = 90;
