cam_pos      = [111.752, 463.824, -287.003]';
cam_dir      = [0.242189, -0.565303, 0.788528]';
cam_up       = [0.40785, 0.796747, 0.445928]';
cam_lookat   = [0, 0, 1]';
cam_sky      = [0, 1, 0]';
cam_right    = [1.17085, -0.284092, -0.563284]';
cam_fpoint   = [0, 0, 10]';
cam_angle    = 90;
