cam_pos      = [93.8034, 469.048, -292.308]';
cam_dir      = [0.0564008, -0.283111, 0.957427]';
cam_up       = [0.00543087, 0.959027, 0.283264]';
cam_lookat   = [0, 0, 1]';
cam_sky      = [0, 1, 0]';
cam_right    = [1.32786, 0.014333, -0.0739844]';
cam_fpoint   = [0, 0, 10]';
cam_angle    = 90;
