cam_pos      = [100.581, 438.044, -291.626]';
cam_dir      = [0.340348, -0.468247, 0.815419]';
cam_up       = [0.0511927, 0.875132, 0.481169]';
cam_lookat   = [0, 0, 1]';
cam_sky      = [0, 1, 0]';
cam_right    = [1.24874, 0.162288, -0.428021]';
cam_fpoint   = [0, 0, 10]';
cam_angle    = 90;
