cam_pos      = [92.1883, 398.323, -297.395]';
cam_dir      = [0.117058, -0.28455, 0.951488]';
cam_up       = [0.108664, 0.955992, 0.272528]';
cam_lookat   = [0, 0, 1]';
cam_sky      = [0, 1, 0]';
cam_right    = [1.31293, -0.0950828, -0.18996]';
cam_fpoint   = [0, 0, 10]';
cam_angle    = 90;
