cam_pos      = [103.245, 474.95, -307.589]';
cam_dir      = [0.1063, -0.461614, 0.880689]';
cam_up       = [-0.0450341, 0.882563, 0.468032]';
cam_lookat   = [0, 0, 1]';
cam_sky      = [0, 1, 0]';
cam_right    = [1.32111, 0.118919, -0.0971274]';
cam_fpoint   = [0, 0, 10]';
cam_angle    = 90;
