cam_pos      = [144.154, 463.13, -314.68]';
cam_dir      = [0.203997, -0.312001, 0.927923]';
cam_up       = [0.00914288, 0.948421, 0.316883]';
cam_lookat   = [0, 0, 1]';
cam_sky      = [0, 1, 0]';
cam_right    = [1.30198, 0.0746919, -0.261116]';
cam_fpoint   = [0, 0, 10]';
cam_angle    = 90;
