cam_pos      = [74.7229, 460.671, -290.642]';
cam_dir      = [-0.00346724, -0.298992, 0.954249]';
cam_up       = [0.0317701, 0.95374, 0.298948]';
cam_lookat   = [0, 0, 1]';
cam_sky      = [0, 1, 0]';
cam_right    = [1.32932, -0.0416996, -0.00823557]';
cam_fpoint   = [0, 0, 10]';
cam_angle    = 90;
