cam_pos      = [86.6168, 466.083, -296.728]';
cam_dir      = [0.0288654, -0.251323, 0.967473]';
cam_up       = [0.0762852, 0.965607, 0.248562]';
cam_lookat   = [0, 0, 1]';
cam_sky      = [0, 1, 0]';
cam_right    = [1.32557, -0.0886166, -0.0625697]';
cam_fpoint   = [0, 0, 10]';
cam_angle    = 90;
