cam_pos      = [121.543, 457.892, -308.89]';
cam_dir      = [0.109215, -0.307782, 0.945168]';
cam_up       = [-0.0163204, 0.950172, 0.311298]';
cam_lookat   = [0, 0, 1]';
cam_sky      = [0, 1, 0]';
cam_right    = [1.32187, 0.0657338, -0.131338]';
cam_fpoint   = [0, 0, 10]';
cam_angle    = 90;
