cam_pos      = [88.8307, 479.169, -279.928]';
cam_dir      = [0.535189, -0.358281, 0.764989]';
cam_up       = [-0.0302399, 0.896892, 0.441214]';
cam_lookat   = [0, 0, 1]';
cam_sky      = [0, 1, 0]';
cam_right    = [1.12277, 0.344824, -0.624]';
cam_fpoint   = [0, 0, 10]';
cam_angle    = 90;
