cam_pos      = [102.693, 448.382, -309.078]';
cam_dir      = [0.0475264, -0.334863, 0.941067]';
cam_up       = [-0.0136536, 0.941826, 0.335823]';
cam_lookat   = [0, 0, 1]';
cam_sky      = [0, 1, 0]';
cam_right    = [1.32837, 0.0383165, -0.053452]';
cam_fpoint   = [0, 0, 10]';
cam_angle    = 90;
