cam_pos      = [86.5523, 478.044, -271.354]';
cam_dir      = [0.362559, -0.397126, 0.843114]';
cam_up       = [0.0777568, 0.914403, 0.397267]';
cam_lookat   = [0, 0, 1]';
cam_sky      = [0, 1, 0]';
cam_right    = [1.23519, 0.104372, -0.481997]';
cam_fpoint   = [0, 0, 10]';
cam_angle    = 90;
