cam_pos      = [89.2943, 458.911, -328.53]';
cam_dir      = [-0.0282862, -0.260049, 0.965181]';
cam_up       = [0.119778, 0.957729, 0.261551]';
cam_lookat   = [0, 0, 1]';
cam_sky      = [0, 1, 0]';
cam_right    = [1.31989, -0.163598, -0.00539665]';
cam_fpoint   = [0, 0, 10]';
cam_angle    = 90;
