cam_pos      = [103.252, 482.479, -276.015]';
cam_dir      = [0.372762, -0.338247, 0.864082]';
cam_up       = [-0.0294301, 0.926418, 0.375345]';
cam_lookat   = [0, 0, 1]';
cam_sky      = [0, 1, 0]';
cam_right    = [1.23352, 0.219908, -0.446054]';
cam_fpoint   = [0, 0, 10]';
cam_angle    = 90;
