cam_pos      = [150.458, 444.874, -323.29]';
cam_dir      = [0.29999, -0.341707, 0.890641]';
cam_up       = [0.0832396, 0.939458, 0.332399]';
cam_lookat   = [0, 0, 1]';
cam_sky      = [0, 1, 0]';
cam_right    = [1.2639, 0.0340211, -0.412662]';
cam_fpoint   = [0, 0, 10]';
cam_angle    = 90;
