cam_pos      = [107.722, 449.333, -309.578]';
cam_dir      = [0.160589, -0.35064, 0.922639]';
cam_up       = [0.0571732, 0.936506, 0.345959]';
cam_lookat   = [0, 0, 1]';
cam_sky      = [0, 1, 0]';
cam_right    = [1.31053, 0.00373327, -0.226685]';
cam_fpoint   = [0, 0, 10]';
cam_angle    = 90;
