cam_pos      = [112.53, 459.497, -299.812]';
cam_dir      = [0.0815133, -0.317965, 0.944592]';
cam_up       = [0.000985328, 0.947771, 0.31895]';
cam_lookat   = [0, 0, 1]';
cam_sky      = [0, 1, 0]';
cam_right    = [1.32557, 0.0333403, -0.103167]';
cam_fpoint   = [0, 0, 10]';
cam_angle    = 90;
