cam_pos      = [100.387, 478.495, -268.865]';
cam_dir      = [0.463812, -0.353834, 0.812207]';
cam_up       = [0.00911375, 0.918638, 0.394996]';
cam_lookat   = [0, 0, 1]';
cam_sky      = [0, 1, 0]';
cam_right    = [1.17823, 0.233817, -0.570969]';
cam_fpoint   = [0, 0, 10]';
cam_angle    = 90;
