cam_pos      = [115.504, 473.517, -288.46]';
cam_dir      = [0.354351, -0.47509, 0.805434]';
cam_up       = [0.0524575, 0.870066, 0.490135]';
cam_lookat   = [0, 0, 1]';
cam_sky      = [0, 1, 0]';
cam_right    = [1.24174, 0.174801, -0.443197]';
cam_fpoint   = [0, 0, 10]';
cam_angle    = 90;
