cam_pos      = [119.721, 477.198, -298.375]';
cam_dir      = [0.0863177, -0.420234, 0.903301]';
cam_up       = [-0.0470413, 0.903955, 0.425033]';
cam_lookat   = [0, 0, 1]';
cam_sky      = [0, 1, 0]';
cam_right    = [1.32356, 0.10531, -0.0774845]';
cam_fpoint   = [0, 0, 10]';
cam_angle    = 90;
