cam_pos      = [143.437, 449.482, -308.301]';
cam_dir      = [0.279877, -0.31078, 0.908342]';
cam_up       = [0.0456715, 0.949393, 0.310753]';
cam_lookat   = [0, 0, 1]';
cam_sky      = [0, 1, 0]';
cam_right    = [1.2754, 0.0604981, -0.372276]';
cam_fpoint   = [0, 0, 10]';
cam_angle    = 90;
