cam_pos      = [90.9587, 465.526, -290.387]';
cam_dir      = [-0.0989757, -0.436456, 0.894265]';
cam_up       = [-0.0675849, 0.899551, 0.431556]';
cam_lookat   = [0, 0, 1]';
cam_sky      = [0, 1, 0]';
cam_right    = [1.32041, 0.0235746, 0.157648]';
cam_fpoint   = [0, 0, 10]';
cam_angle    = 90;
