cam_pos      = [54.8473, 434.968, -286.285]';
cam_dir      = [-0.0162354, -0.28064, 0.959676]';
cam_up       = [0.0662665, 0.95739, 0.281093]';
cam_lookat   = [0, 0, 1]';
cam_sky      = [0, 1, 0]';
cam_right    = [1.3269, -0.0906501, -0.00406105]';
cam_fpoint   = [0, 0, 10]';
cam_angle    = 90;
