cam_pos      = [94.2104, 461.577, -293.619]';
cam_dir      = [0.0553873, -0.293557, 0.954336]';
cam_up       = [0.00637332, 0.955887, 0.293665]';
cam_lookat   = [0, 0, 1]';
cam_sky      = [0, 1, 0]';
cam_right    = [1.32793, 0.0135434, -0.0729038]';
cam_fpoint   = [0, 0, 10]';
cam_angle    = 90;
