cam_pos      = [120.703, 482.549, -278.074]';
cam_dir      = [0.320651, -0.438217, 0.839731]';
cam_up       = [0.17881, 0.898608, 0.400663]';
cam_lookat   = [0, 0, 1]';
cam_sky      = [0, 1, 0]';
cam_right    = [1.23712, -0.0288335, -0.487441]';
cam_fpoint   = [0, 0, 10]';
cam_angle    = 90;
