cam_pos      = [106.467, 480.106, -271.601]';
cam_dir      = [0.330609, -0.223024, 0.917038]';
cam_up       = [0.0753212, 0.974813, 0.20992]';
cam_lookat   = [0, 0, 1]';
cam_sky      = [0, 1, 0]';
cam_right    = [1.25121, 0.000437754, -0.450976]';
cam_fpoint   = [0, 0, 10]';
cam_angle    = 90;
