cam_pos      = [90.6188, 459.199, -284.57]';
cam_dir      = [0.0907228, -0.259443, 0.961488]';
cam_up       = [0.0463442, 0.965523, 0.256159]';
cam_lookat   = [0, 0, 1]';
cam_sky      = [0, 1, 0]';
cam_right    = [1.32308, -0.0283555, -0.132493]';
cam_fpoint   = [0, 0, 10]';
cam_angle    = 90;
