cam_pos      = [74.8743, 466.222, -293.133]';
cam_dir      = [-0.00776473, -0.24278, 0.97005]';
cam_up       = [0.0795912, 0.966852, 0.242617]';
cam_lookat   = [0, 0, 1]';
cam_sky      = [0, 1, 0]';
cam_right    = [1.32574, -0.105191, -0.015715]';
cam_fpoint   = [0, 0, 10]';
cam_angle    = 90;
