cam_pos      = [120.072, 483.228, -308.244]';
cam_dir      = [0.194409, -0.389114, 0.900442]';
cam_up       = [-0.0259974, 0.91559, 0.401273]';
cam_lookat   = [0, 0, 1]';
cam_sky      = [0, 1, 0]';
cam_right    = [1.30417, 0.134889, -0.223284]';
cam_fpoint   = [0, 0, 10]';
cam_angle    = 90;
