cam_pos      = [81.0292, 452.408, -294.546]';
cam_dir      = [0.0124292, -0.320533, 0.947156]';
cam_up       = [0.0308643, 0.946901, 0.320041]';
cam_lookat   = [0, 0, 1]';
cam_sky      = [0, 1, 0]';
cam_right    = [1.32926, -0.0335897, -0.0288107]';
cam_fpoint   = [0, 0, 10]';
cam_angle    = 90;
