cam_pos      = [68.0946, 441.287, -292.077]';
cam_dir      = [0.0680783, -0.331441, 0.941017]';
cam_up       = [0.0328638, 0.943438, 0.329916]';
cam_lookat   = [0, 0, 1]';
cam_sky      = [0, 1, 0]';
cam_right    = [1.32619, -0.0112588, -0.0999096]';
cam_fpoint   = [0, 0, 10]';
cam_angle    = 90;
