cam_pos      = [64.9074, 474.351, -285.938]';
cam_dir      = [0.242066, -0.383024, 0.891458]';
cam_up       = [0.117835, 0.923587, 0.364832]';
cam_lookat   = [0, 0, 1]';
cam_sky      = [0, 1, 0]';
cam_right    = [1.28089, -0.0222529, -0.357375]';
cam_fpoint   = [0, 0, 10]';
cam_angle    = 90;
