cam_pos      = [79.242, 452.566, -292.626]';
cam_dir      = [0.0816324, -0.287827, 0.954197]';
cam_up       = [0.069573, 0.956702, 0.282631]';
cam_lookat   = [0, 0, 1]';
cam_sky      = [0, 1, 0]';
cam_right    = [1.32233, -0.0576083, -0.130503]';
cam_fpoint   = [0, 0, 10]';
cam_angle    = 90;
