cam_pos      = [79.7391, 399.539, -297.202]';
cam_dir      = [0.0744176, -0.290118, 0.954093]';
cam_up       = [0.121031, 0.952301, 0.280133]';
cam_lookat   = [0, 0, 1]';
cam_sky      = [0, 1, 0]';
cam_right    = [1.31651, -0.125855, -0.140955]';
cam_fpoint   = [0, 0, 10]';
cam_angle    = 90;
