cam_pos      = [99.6462, 472.617, -288.267]';
cam_dir      = [-0.0241152, -0.423061, 0.90578]';
cam_up       = [-0.0633651, 0.904869, 0.420948]';
cam_lookat   = [0, 0, 1]';
cam_sky      = [0, 1, 0]';
cam_right    = [1.32694, 0.062834, 0.0646758]';
cam_fpoint   = [0, 0, 10]';
cam_angle    = 90;
