cam_pos      = [101.132, 459.596, -297.564]';
cam_dir      = [0.0796619, -0.306278, 0.948603]';
cam_up       = [0.00652294, 0.951767, 0.306752]';
cam_lookat   = [0, 0, 1]';
cam_sky      = [0, 1, 0]';
cam_right    = [1.32575, 0.0242708, -0.103497]';
cam_fpoint   = [0, 0, 10]';
cam_angle    = 90;
