cam_pos      = [103.259, 461.487, -297.915]';
cam_dir      = [0.0855495, -0.300916, 0.949806]';
cam_up       = [0.0114, 0.953534, 0.30107]';
cam_lookat   = [0, 0, 1]';
cam_sky      = [0, 1, 0]';
cam_right    = [1.32504, 0.019855, -0.113056]';
cam_fpoint   = [0, 0, 10]';
cam_angle    = 90;
