cam_pos      = [114.487, 452.739, -308.434]';
cam_dir      = [0.106348, -0.294198, 0.949809]';
cam_up       = [0.0867094, 0.954331, 0.28589]';
cam_lookat   = [0, 0, 1]';
cam_sky      = [0, 1, 0]';
cam_right    = [1.31742, -0.0690982, -0.168911]';
cam_fpoint   = [0, 0, 10]';
cam_angle    = 90;
