cam_pos      = [139.606, 462.784, -313.452]';
cam_dir      = [0.189377, -0.311349, 0.931235]';
cam_up       = [0.013686, 0.949141, 0.314552]';
cam_lookat   = [0, 0, 1]';
cam_sky      = [0, 1, 0]';
cam_right    = [1.30581, 0.0622761, -0.244729]';
cam_fpoint   = [0, 0, 10]';
cam_angle    = 90;
