cam_pos      = [118.798, 473.006, -288.075]';
cam_dir      = [0.381968, -0.465935, 0.798126]';
cam_up       = [0.0391147, 0.870985, 0.48975]';
cam_lookat   = [0, 0, 1]';
cam_sky      = [0, 1, 0]';
cam_right    = [1.22805, 0.207281, -0.466716]';
cam_fpoint   = [0, 0, 10]';
cam_angle    = 90;
