cam_pos      = [108.888, 480.563, -269.8]';
cam_dir      = [0.408867, -0.356415, 0.840117]';
cam_up       = [-0.00648258, 0.919423, 0.393216]';
cam_lookat   = [0, 0, 1]';
cam_sky      = [0, 1, 0]';
cam_right    = [1.21372, 0.221071, -0.496903]';
cam_fpoint   = [0, 0, 10]';
cam_angle    = 90;
