cam_pos      = [128.941, 486.098, -311.236]';
cam_dir      = [0.254619, -0.377578, 0.890283]';
cam_up       = [-0.0319686, 0.916836, 0.397982]';
cam_lookat   = [0, 0, 1]';
cam_sky      = [0, 1, 0]';
cam_right    = [1.28546, 0.172627, -0.294426]';
cam_fpoint   = [0, 0, 10]';
cam_angle    = 90;
