cam_pos      = [106.115, 482.739, -270.549]';
cam_dir      = [0.335148, -0.198361, 0.921048]';
cam_up       = [0.0679355, 0.980129, 0.186365]';
cam_lookat   = [0, 0, 1]';
cam_sky      = [0, 1, 0]';
cam_right    = [1.24982, -0.000148995, -0.454812]';
cam_fpoint   = [0, 0, 10]';
cam_angle    = 90;
