cam_pos      = [110.391, 480.553, -323.388]';
cam_dir      = [0.215626, -0.471225, 0.85525]';
cam_up       = [-0.0800698, 0.864372, 0.496438]';
cam_lookat   = [0, 0, 1]';
cam_sky      = [0, 1, 0]';
cam_right    = [1.29434, 0.233448, -0.197705]';
cam_fpoint   = [0, 0, 10]';
cam_angle    = 90;
