cam_pos      = [108.842, 469.356, -291.404]';
cam_dir      = [0.201092, -0.312405, 0.928421]';
cam_up       = [0.0146043, 0.948633, 0.316043]';
cam_lookat   = [0, 0, 1]';
cam_sky      = [0, 1, 0]';
cam_right    = [1.30269, 0.066493, -0.259782]';
cam_fpoint   = [0, 0, 10]';
cam_angle    = 90;
