cam_pos      = [127.756, 482.837, -324.945]';
cam_dir      = [0.233228, -0.486971, 0.841703]';
cam_up       = [-0.0625941, 0.85626, 0.512738]';
cam_lookat   = [0, 0, 1]';
cam_sky      = [0, 1, 0]';
cam_right    = [1.29064, 0.229119, -0.225065]';
cam_fpoint   = [0, 0, 10]';
cam_angle    = 90;
