cam_pos      = [150.513, 482.977, -328.877]';
cam_dir      = [0.31892, -0.487221, 0.812961]';
cam_up       = [-0.0677702, 0.843833, 0.532309]';
cam_lookat   = [0, 0, 1]';
cam_sky      = [0, 1, 0]';
cam_right    = [1.25732, 0.299062, -0.314008]';
cam_fpoint   = [0, 0, 10]';
cam_angle    = 90;
