cam_pos      = [97.9566, 461.129, -287.981]';
cam_dir      = [0.11286, -0.262856, 0.958212]';
cam_up       = [0.0388702, 0.964803, 0.260086]';
cam_lookat   = [0, 0, 1]';
cam_sky      = [0, 1, 0]';
cam_right    = [1.32049, -0.0104971, -0.15841]';
cam_fpoint   = [0, 0, 10]';
cam_angle    = 90;
