cam_pos      = [116.87, 463.727, -288.639]';
cam_dir      = [0.366378, -0.442306, 0.818616]';
cam_up       = [-0.0413103, 0.871192, 0.489202]';
cam_lookat   = [0, 0, 1]';
cam_sky      = [0, 1, 0]';
cam_right    = [1.2363, 0.283357, -0.400216]';
cam_fpoint   = [0, 0, 10]';
cam_angle    = 90;
