cam_pos      = [72.4403, 458.49, -290.76]';
cam_dir      = [0.0110473, -0.307096, 0.951614]';
cam_up       = [0.0635419, 0.949965, 0.305826]';
cam_lookat   = [0, 0, 1]';
cam_sky      = [0, 1, 0]';
cam_right    = [1.32723, -0.0759281, -0.0399106]';
cam_fpoint   = [0, 0, 10]';
cam_angle    = 90;
