cam_pos      = [77.3061, 468.036, -274.595]';
cam_dir      = [-0.108445, -0.371669, 0.92201]';
cam_up       = [-0.0119591, 0.9279, 0.372637]';
cam_lookat   = [0, 0, 1]';
cam_sky      = [0, 1, 0]';
cam_right    = [1.32206, -0.039081, 0.139744]';
cam_fpoint   = [0, 0, 10]';
cam_angle    = 90;
