cam_pos      = [113.874, 481.107, -300.253]';
cam_dir      = [0.181389, -0.379734, 0.907138]';
cam_up       = [-0.038111, 0.919033, 0.392334]';
cam_lookat   = [0, 0, 1]';
cam_sky      = [0, 1, 0]';
cam_right    = [1.30696, 0.14063, -0.202466]';
cam_fpoint   = [0, 0, 10]';
cam_angle    = 90;
