cam_pos      = [96.3309, 484.831, -305.33]';
cam_dir      = [0.187135, -0.337421, 0.922566]';
cam_up       = [0.0233573, 0.94042, 0.339213]';
cam_lookat   = [0, 0, 1]';
cam_sky      = [0, 1, 0]';
cam_right    = [1.30613, 0.0557669, -0.244543]';
cam_fpoint   = [0, 0, 10]';
cam_angle    = 90;
