cam_pos      = [134.87, 484.412, -321.842]';
cam_dir      = [0.259327, -0.48247, 0.836643]';
cam_up       = [-0.0748577, 0.853632, 0.51547]';
cam_lookat   = [0, 0, 1]';
cam_sky      = [0, 1, 0]';
cam_right    = [1.28064, 0.261084, -0.246386]';
cam_fpoint   = [0, 0, 10]';
cam_angle    = 90;
