cam_pos      = [92.9211, 464.375, -284.607]';
cam_dir      = [0.13253, -0.28716, 0.94867]';
cam_up       = [0.0483278, 0.957846, 0.283186]';
cam_lookat   = [0, 0, 1]';
cam_sky      = [0, 1, 0]';
cam_right    = [1.3167, -0.0110609, -0.187292]';
cam_fpoint   = [0, 0, 10]';
cam_angle    = 90;
