cam_pos      = [68.411, 465.13, -270.41]';
cam_dir      = [-0.140387, -0.325115, 0.935196]';
cam_up       = [0.0464778, 0.941345, 0.33423]';
cam_lookat   = [0, 0, 1]';
cam_sky      = [0, 1, 0]';
cam_right    = [1.31538, -0.120215, 0.155666]';
cam_fpoint   = [0, 0, 10]';
cam_angle    = 90;
