cam_pos      = [100.608, 490.182, -318.187]';
cam_dir      = [0.153177, -0.30487, 0.939995]';
cam_up       = [0.0273635, 0.952165, 0.304358]';
cam_lookat   = [0, 0, 1]';
cam_sky      = [0, 1, 0]';
cam_right    = [1.3138, 0.0277957, -0.205075]';
cam_fpoint   = [0, 0, 10]';
cam_angle    = 90;
