cam_pos      = [101.647, 459.928, -296.971]';
cam_dir      = [0.0581322, -0.314667, 0.94742]';
cam_up       = [0.0117362, 0.949175, 0.31453]';
cam_lookat   = [0, 0, 1]';
cam_sky      = [0, 1, 0]';
cam_right    = [1.32766, 0.0095297, -0.0782979]';
cam_fpoint   = [0, 0, 10]';
cam_angle    = 90;
