cam_pos      = [113.961, 466.233, -302.83]';
cam_dir      = [0.0892819, -0.439059, 0.894011]';
cam_up       = [-0.00181759, 0.897522, 0.440965]';
cam_lookat   = [0, 0, 1]';
cam_sky      = [0, 1, 0]';
cam_right    = [1.32469, 0.0545235, -0.105515]';
cam_fpoint   = [0, 0, 10]';
cam_angle    = 90;
