cam_pos      = [79.3111, 462.589, -279.534]';
cam_dir      = [0.0869475, -0.282686, 0.955264]';
cam_up       = [0.0625364, 0.958553, 0.277967]';
cam_lookat   = [0, 0, 1]';
cam_sky      = [0, 1, 0]';
cam_right    = [1.32235, -0.0473084, -0.134359]';
cam_fpoint   = [0, 0, 10]';
cam_angle    = 90;
