cam_pos      = [105.733, 474.492, -281.783]';
cam_dir      = [0.303823, -0.503673, 0.808706]';
cam_up       = [0.16365, 0.863805, 0.476508]';
cam_lookat   = [0, 0, 1]';
cam_sky      = [0, 1, 0]';
cam_right    = [1.2483, 0.016531, -0.458677]';
cam_fpoint   = [0, 0, 10]';
cam_angle    = 90;
