cam_pos      = [80.7742, 479.349, -272.517]';
cam_dir      = [0.322989, -0.418257, 0.848964]';
cam_up       = [0.114499, 0.907723, 0.403644]';
cam_lookat   = [0, 0, 1]';
cam_sky      = [0, 1, 0]';
cam_right    = [1.24947, 0.0441124, -0.45363]';
cam_fpoint   = [0, 0, 10]';
cam_angle    = 90;
