cam_pos      = [129.066, 476.589, -309.279]';
cam_dir      = [0.236577, -0.357944, 0.903276]';
cam_up       = [0.000497101, 0.929711, 0.368289]';
cam_lookat   = [0, 0, 1]';
cam_sky      = [0, 1, 0]';
cam_right    = [1.29225, 0.115284, -0.292768]';
cam_fpoint   = [0, 0, 10]';
cam_angle    = 90;
