cam_pos      = [63.6363, 453.884, -296.43]';
cam_dir      = [0.0144507, -0.266896, 0.963617]';
cam_up       = [0.0041277, 0.963725, 0.266864]';
cam_lookat   = [0, 0, 1]';
cam_sky      = [0, 1, 0]';
cam_right    = [1.32985, -0.000161126, -0.0199875]';
cam_fpoint   = [0, 0, 10]';
cam_angle    = 90;
