cam_pos      = [111.46, 472.974, -292.698]';
cam_dir      = [0.413628, -0.364168, 0.834442]';
cam_up       = [-0.0560344, 0.9046, 0.422562]';
cam_lookat   = [0, 0, 1]';
cam_sky      = [0, 1, 0]';
cam_right    = [1.2086, 0.29465, -0.470503]';
cam_fpoint   = [0, 0, 10]';
cam_angle    = 90;
