cam_pos      = [84.3352, 491.794, -272.104]';
cam_dir      = [0.328175, -0.359245, 0.873638]';
cam_up       = [0.0711961, 0.931636, 0.35635]';
cam_lookat   = [0, 0, 1]';
cam_sky      = [0, 1, 0]';
cam_right    = [1.25277, 0.0728115, -0.440652]';
cam_fpoint   = [0, 0, 10]';
cam_angle    = 90;
