cam_pos      = [108.153, 469.742, -284.897]';
cam_dir      = [0.320509, -0.502038, 0.803263]';
cam_up       = [0.129037, 0.863234, 0.488033]';
cam_lookat   = [0, 0, 1]';
cam_sky      = [0, 1, 0]';
cam_right    = [1.24809, 0.0701818, -0.454136]';
cam_fpoint   = [0, 0, 10]';
cam_angle    = 90;
