cam_pos      = [125.941, 462.765, -309.931]';
cam_dir      = [0.148371, -0.316581, 0.93689]';
cam_up       = [0.0192018, 0.948119, 0.317335]';
cam_lookat   = [0, 0, 1]';
cam_sky      = [0, 1, 0]';
cam_right    = [1.31503, 0.0386941, -0.19518]';
cam_fpoint   = [0, 0, 10]';
cam_angle    = 90;
