cam_pos      = [98.9484, 457.577, -296.482]';
cam_dir      = [0.0751458, -0.316441, 0.945631]';
cam_up       = [0.0368988, 0.948545, 0.314484]';
cam_lookat   = [0, 0, 1]';
cam_sky      = [0, 1, 0]';
cam_right    = [1.32533, -0.0149765, -0.110331]';
cam_fpoint   = [0, 0, 10]';
cam_angle    = 90;
