cam_pos      = [104.354, 468.253, -281.309]';
cam_dir      = [0.391119, -0.388458, 0.834342]';
cam_up       = [0.0502261, 0.914216, 0.402102]';
cam_lookat   = [0, 0, 1]';
cam_sky      = [0, 1, 0]';
cam_right    = [1.22223, 0.153434, -0.501514]';
cam_fpoint   = [0, 0, 10]';
cam_angle    = 90;
