cam_pos      = [82.3723, 464.553, -296.492]';
cam_dir      = [0.0250197, -0.299399, 0.9538]';
cam_up       = [0.0273599, 0.953946, 0.298727]';
cam_lookat   = [0, 0, 1]';
cam_sky      = [0, 1, 0]';
cam_right    = [1.32908, -0.024767, -0.0426385]';
cam_fpoint   = [0, 0, 10]';
cam_angle    = 90;
