cam_pos      = [166.246, 443.939, -322.853]';
cam_dir      = [0.215362, -0.326409, 0.920367]';
cam_up       = [0.0430453, 0.944741, 0.324981]';
cam_lookat   = [0, 0, 1]';
cam_sky      = [0, 1, 0]';
cam_right    = [1.29753, 0.0403934, -0.289291]';
cam_fpoint   = [0, 0, 10]';
cam_angle    = 90;
