cam_pos      = [168.595, 451.224, -328.08]';
cam_dir      = [0.268532, -0.32307, 0.907478]';
cam_up       = [0.0242947, 0.944052, 0.328901]';
cam_lookat   = [0, 0, 1]';
cam_sky      = [0, 1, 0]';
cam_right    = [1.28074, 0.088144, -0.347605]';
cam_fpoint   = [0, 0, 10]';
cam_angle    = 90;
