cam_pos      = [87.7798, 461.482, -294.214]';
cam_dir      = [0.027068, -0.308381, 0.950878]';
cam_up       = [0.0254309, 0.951131, 0.307739]';
cam_lookat   = [0, 0, 1]';
cam_sky      = [0, 1, 0]';
cam_right    = [1.32908, -0.0210829, -0.0446715]';
cam_fpoint   = [0, 0, 10]';
cam_angle    = 90;
