cam_pos      = [77.2784, 463.845, -279.917]';
cam_dir      = [-0.0841516, -0.382432, 0.920144]';
cam_up       = [0.0311631, 0.921957, 0.386036]';
cam_lookat   = [0, 0, 1]';
cam_sky      = [0, 1, 0]';
cam_right    = [1.32463, -0.0813428, 0.0873363]';
cam_fpoint   = [0, 0, 10]';
cam_angle    = 90;
