cam_pos      = [99.7609, 486.862, -318.108]';
cam_dir      = [0.165862, -0.357244, 0.919166]';
cam_up       = [-0.00481401, 0.931772, 0.363012]';
cam_lookat   = [0, 0, 1]';
cam_sky      = [0, 1, 0]';
cam_right    = [1.31156, 0.0859643, -0.203259]';
cam_fpoint   = [0, 0, 10]';
cam_angle    = 90;
