cam_pos      = [142.967, 485.714, -316.06]';
cam_dir      = [0.189852, -0.420407, 0.887251]';
cam_up       = [-0.0831713, 0.893552, 0.441189]';
cam_lookat   = [0, 0, 1]';
cam_sky      = [0, 1, 0]';
cam_right    = [1.30112, 0.209547, -0.17912]';
cam_fpoint   = [0, 0, 10]';
cam_angle    = 90;
