cam_pos      = [110.342, 474.591, -296.196]';
cam_dir      = [0.0556377, -0.409443, 0.910638]';
cam_up       = [-0.0487537, 0.909848, 0.412067]';
cam_lookat   = [0, 0, 1]';
cam_sky      = [0, 1, 0]';
cam_right    = [1.32636, 0.0895401, -0.0407778]';
cam_fpoint   = [0, 0, 10]';
cam_angle    = 90;
