cam_pos      = [108.933, 473.197, -287.789]';
cam_dir      = [0.32466, -0.509511, 0.796865]';
cam_up       = [0.117816, 0.857726, 0.500425]';
cam_lookat   = [0, 0, 1]';
cam_sky      = [0, 1, 0]';
cam_right    = [1.24816, 0.0912173, -0.450202]';
cam_fpoint   = [0, 0, 10]';
cam_angle    = 90;
