cam_pos      = [116.92, 474.069, -295.091]';
cam_dir      = [0.0722117, -0.441912, 0.894147]';
cam_up       = [-0.0714394, 0.891893, 0.446568]';
cam_lookat   = [0, 0, 1]';
cam_sky      = [0, 1, 0]';
cam_right    = [1.32312, 0.127846, -0.0436708]';
cam_fpoint   = [0, 0, 10]';
cam_angle    = 90;
