cam_pos      = [85.4038, 484.91, -273.234]';
cam_dir      = [0.319039, -0.356227, 0.878246]';
cam_up       = [0.0372647, 0.930671, 0.363954]';
cam_lookat   = [0, 0, 1]';
cam_sky      = [0, 1, 0]';
cam_right    = [1.25952, 0.110906, -0.412559]';
cam_fpoint   = [0, 0, 10]';
cam_angle    = 90;
