cam_pos      = [117.769, 488.204, -273.48]';
cam_dir      = [0.43563, -0.307628, 0.845926]';
cam_up       = [-0.0469945, 0.930732, 0.362669]';
cam_lookat   = [0, 0, 1]';
cam_sky      = [0, 1, 0]';
cam_right    = [1.19553, 0.263, -0.520027]';
cam_fpoint   = [0, 0, 10]';
cam_angle    = 90;
