cam_pos      = [89.606, 459.347, -286.938]';
cam_dir      = [0.419693, -0.481133, 0.769655]';
cam_up       = [0.113255, 0.869081, 0.48153]';
cam_lookat   = [0, 0, 1]';
cam_sky      = [0, 1, 0]';
cam_right    = [1.19776, 0.152854, -0.557587]';
cam_fpoint   = [0, 0, 10]';
cam_angle    = 90;
