cam_pos      = [107.507, 473.263, -286.303]';
cam_dir      = [0.308635, -0.505449, 0.80577]';
cam_up       = [0.118748, 0.860974, 0.494593]';
cam_lookat   = [0, 0, 1]';
cam_sky      = [0, 1, 0]';
cam_right    = [1.25517, 0.0757637, -0.433245]';
cam_fpoint   = [0, 0, 10]';
cam_angle    = 90;
