cam_pos      = [135.436, 488.299, -330.228]';
cam_dir      = [0.276708, -0.49719, 0.822335]';
cam_up       = [-0.0793807, 0.840998, 0.535184]';
cam_lookat   = [0, 0, 1]';
cam_sky      = [0, 1, 0]';
cam_right    = [1.2737, 0.283778, -0.257013]';
cam_fpoint   = [0, 0, 10]';
cam_angle    = 90;
