cam_pos      = [124.402, 472.104, -305.372]';
cam_dir      = [0.129243, -0.293687, 0.947124]';
cam_up       = [-0.0220222, 0.954049, 0.29884]';
cam_lookat   = [0, 0, 1]';
cam_sky      = [0, 1, 0]';
cam_right    = [1.31852, 0.0791093, -0.155393]';
cam_fpoint   = [0, 0, 10]';
cam_angle    = 90;
