cam_pos      = [117.884, 466.023, -289.001]';
cam_dir      = [0.346137, -0.478998, 0.806691]';
cam_up       = [0.0933473, 0.87316, 0.478412]';
cam_lookat   = [0, 0, 1]';
cam_sky      = [0, 1, 0]';
cam_right    = [1.24159, 0.120091, -0.461438]';
cam_fpoint   = [0, 0, 10]';
cam_angle    = 90;
