cam_pos      = [92.212, 462.304, -296.697]';
cam_dir      = [0.0350797, -0.423304, 0.905308]';
cam_up       = [-0.00255537, 0.905825, 0.423645]';
cam_lookat   = [0, 0, 1]';
cam_sky      = [0, 1, 0]';
cam_right    = [1.32918, 0.0228424, -0.0408236]';
cam_fpoint   = [0, 0, 10]';
cam_angle    = 90;
