cam_pos      = [67.0494, 443.065, -303.176]';
cam_dir      = [-0.0432797, -0.328473, 0.943521]';
cam_up       = [0.0301903, 0.943545, 0.329866]';
cam_lookat   = [0, 0, 1]';
cam_sky      = [0, 1, 0]';
cam_right    = [1.32815, -0.0568731, 0.0411231]';
cam_fpoint   = [0, 0, 10]';
cam_angle    = 90;
