cam_pos      = [140.083, 457.432, -313.181]';
cam_dir      = [0.277647, -0.324718, 0.904141]';
cam_up       = [0.0466354, 0.94459, 0.324924]';
cam_lookat   = [0, 0, 1]';
cam_sky      = [0, 1, 0]';
cam_right    = [1.2762, 0.0639053, -0.36895]';
cam_fpoint   = [0, 0, 10]';
cam_angle    = 90;
