cam_pos      = [70.328, 476.72, -273.715]';
cam_dir      = [-0.143341, -0.309159, 0.940146]';
cam_up       = [-0.0163832, 0.950567, 0.310088]';
cam_lookat   = [0, 0, 1]';
cam_sky      = [0, 1, 0]';
cam_right    = [1.31609, -0.0386308, 0.187956]';
cam_fpoint   = [0, 0, 10]';
cam_angle    = 90;
