cam_pos      = [79.2501, 427.748, -299.728]';
cam_dir      = [0.0863836, -0.371531, 0.924393]';
cam_up       = [0.0165182, 0.928268, 0.371545]';
cam_lookat   = [0, 0, 1]';
cam_sky      = [0, 1, 0]';
cam_right    = [1.32485, 0.0223787, -0.114811]';
cam_fpoint   = [0, 0, 10]';
cam_angle    = 90;
