cam_pos      = [105.513, 495.741, -302.712]';
cam_dir      = [0.212861, -0.270199, 0.93898]';
cam_up       = [-0.0450262, 0.95727, 0.285669]';
cam_lookat   = [0, 0, 1]';
cam_sky      = [0, 1, 0]';
cam_right    = [1.29814, 0.137106, -0.254827]';
cam_fpoint   = [0, 0, 10]';
cam_angle    = 90;
