cam_pos      = [122.062, 475.983, -271.536]';
cam_dir      = [0.450157, -0.345504, 0.823399]';
cam_up       = [-0.0584464, 0.908734, 0.413264]';
cam_lookat   = [0, 0, 1]';
cam_sky      = [0, 1, 0]';
cam_right    = [1.18508, 0.31143, -0.517209]';
cam_fpoint   = [0, 0, 10]';
cam_angle    = 90;
