cam_pos      = [107.248, 451.912, -296.236]';
cam_dir      = [0.03377, -0.328778, 0.943803]';
cam_up       = [-0.0270725, 0.943695, 0.329709]';
cam_lookat   = [0, 0, 1]';
cam_sky      = [0, 1, 0]';
cam_right    = [1.32875, 0.0487916, -0.030547]';
cam_fpoint   = [0, 0, 10]';
cam_angle    = 90;
