cam_pos      = [112.54, 481.749, -259.729]';
cam_dir      = [0.403323, -0.310322, 0.860832]';
cam_up       = [0.0864178, 0.949453, 0.30178]';
cam_lookat   = [0, 0, 1]';
cam_sky      = [0, 1, 0]';
cam_right    = [1.21159, 0.0629405, -0.544971]';
cam_fpoint   = [0, 0, 10]';
cam_angle    = 90;
