cam_pos      = [122.824, 480.78, -277.848]';
cam_dir      = [0.43842, -0.323372, 0.838581]';
cam_up       = [-0.0717103, 0.917472, 0.391284]';
cam_lookat   = [0, 0, 1]';
cam_sky      = [0, 1, 0]';
cam_right    = [1.19155, 0.308137, -0.504135]';
cam_fpoint   = [0, 0, 10]';
cam_angle    = 90;
