cam_pos      = [104.467, 486.006, -269.636]';
cam_dir      = [0.336214, -0.177159, 0.924973]';
cam_up       = [0.0874385, 0.983778, 0.156639]';
cam_lookat   = [0, 0, 1]';
cam_sky      = [0, 1, 0]';
cam_right    = [1.24716, -0.0375246, -0.460513]';
cam_fpoint   = [0, 0, 10]';
cam_angle    = 90;
