cam_pos      = [127.094, 481.323, -270.819]';
cam_dir      = [0.463217, -0.308555, 0.830797]';
cam_up       = [-0.0670028, 0.922559, 0.379993]';
cam_lookat   = [0, 0, 1]';
cam_sky      = [0, 1, 0]';
cam_right    = [1.17533, 0.308141, -0.540872]';
cam_fpoint   = [0, 0, 10]';
cam_angle    = 90;
