cam_pos      = [98.7039, 459.658, -301.52]';
cam_dir      = [0.0882233, -0.321254, 0.942875]';
cam_up       = [0.0406726, 0.946938, 0.318833]';
cam_lookat   = [0, 0, 1]';
cam_sky      = [0, 1, 0]';
cam_right    = [1.32371, -0.0135935, -0.128489]';
cam_fpoint   = [0, 0, 10]';
cam_angle    = 90;
