cam_pos      = [83.9485, 456.162, -294.858]';
cam_dir      = [0.0997181, -0.311947, 0.944852]';
cam_up       = [0.0421622, 0.950057, 0.309216]';
cam_lookat   = [0, 0, 1]';
cam_sky      = [0, 1, 0]';
cam_right    = [1.32218, -0.0119735, -0.143494]';
cam_fpoint   = [0, 0, 10]';
cam_angle    = 90;
