cam_pos      = [98.8559, 463.74, -321.015]';
cam_dir      = [0.00972386, -0.318873, 0.947748]';
cam_up       = [0.0992084, 0.943424, 0.3164]';
cam_lookat   = [0, 0, 1]';
cam_sky      = [0, 1, 0]';
cam_right    = [1.32338, -0.120961, -0.0542754]';
cam_fpoint   = [0, 0, 10]';
cam_angle    = 90;
