cam_pos      = [82.7935, 467.43, -290.329]';
cam_dir      = [0.0195433, -0.284386, 0.958511]';
cam_up       = [0.0167358, 0.958653, 0.284087]';
cam_lookat   = [0, 0, 1]';
cam_sky      = [0, 1, 0]';
cam_right    = [1.32956, -0.013951, -0.031248]';
cam_fpoint   = [0, 0, 10]';
cam_angle    = 90;
