cam_pos      = [117.573, 473.917, -283.007]';
cam_dir      = [0.343491, -0.404361, 0.847647]';
cam_up       = [0.0305919, 0.906901, 0.420231]';
cam_lookat   = [0, 0, 1]';
cam_sky      = [0, 1, 0]';
cam_right    = [1.24842, 0.157491, -0.430764]';
cam_fpoint   = [0, 0, 10]';
cam_angle    = 90;
