cam_pos      = [119.799, 469.538, -292.072]';
cam_dir      = [0.36478, -0.462716, 0.807979]';
cam_up       = [0.0405095, 0.874839, 0.482717]';
cam_lookat   = [0, 0, 1]';
cam_sky      = [0, 1, 0]';
cam_right    = [1.23718, 0.190662, -0.449364]';
cam_fpoint   = [0, 0, 10]';
cam_angle    = 90;
