cam_pos      = [98.4433, 480.912, -279.703]';
cam_dir      = [0.363348, -0.372898, 0.853771]';
cam_up       = [0.0600818, 0.923875, 0.377948]';
cam_lookat   = [0, 0, 1]';
cam_sky      = [0, 1, 0]';
cam_right    = [1.23652, 0.114421, -0.476264]';
cam_fpoint   = [0, 0, 10]';
cam_angle    = 90;
