cam_pos      = [114.444, 461.657, -291.608]';
cam_dir      = [0.372871, -0.466606, 0.802026]';
cam_up       = [-0.0236296, 0.859306, 0.510916]';
cam_lookat   = [0, 0, 1]';
cam_sky      = [0, 1, 0]';
cam_right    = [1.23368, 0.278578, -0.411482]';
cam_fpoint   = [0, 0, 10]';
cam_angle    = 90;
