cam_pos      = [102.7, 484.172, -279.056]';
cam_dir      = [0.381379, -0.325435, 0.865241]';
cam_up       = [0.0261311, 0.939405, 0.341812]';
cam_lookat   = [0, 0, 1]';
cam_sky      = [0, 1, 0]';
cam_right    = [1.22899, 0.143308, -0.487808]';
cam_fpoint   = [0, 0, 10]';
cam_angle    = 90;
