cam_pos      = [110.261, 472.822, -280.886]';
cam_dir      = [0.334623, -0.418345, 0.844402]';
cam_up       = [0.0744301, 0.904992, 0.418868]';
cam_lookat   = [0, 0, 1]';
cam_sky      = [0, 1, 0]';
cam_right    = [1.24941, 0.102827, -0.444179]';
cam_fpoint   = [0, 0, 10]';
cam_angle    = 90;
