cam_pos      = [93.4084, 467.978, -282.208]';
cam_dir      = [-0.0414221, -0.398405, 0.916274]';
cam_up       = [-0.0126899, 0.917197, 0.398232]';
cam_lookat   = [0, 0, 1]';
cam_sky      = [0, 1, 0]';
cam_right    = [1.32875, -0.00647471, 0.0572537]';
cam_fpoint   = [0, 0, 10]';
cam_angle    = 90;
