cam_pos      = [96.0502, 469.923, -277.089]';
cam_dir      = [0.360818, -0.438016, 0.823379]';
cam_up       = [0.100341, 0.895958, 0.432655]';
cam_lookat   = [0, 0, 1]';
cam_sky      = [0, 1, 0]';
cam_right    = [1.23321, 0.0977433, -0.488415]';
cam_fpoint   = [0, 0, 10]';
cam_angle    = 90;
