cam_pos      = [112.927, 463.933, -306.026]';
cam_dir      = [0.114998, -0.313588, 0.94257]';
cam_up       = [0.0154972, 0.949316, 0.313942]';
cam_lookat   = [0, 0, 1]';
cam_sky      = [0, 1, 0]';
cam_right    = [1.32102, 0.028589, -0.151659]';
cam_fpoint   = [0, 0, 10]';
cam_angle    = 90;
