cam_pos      = [95.9558, 460.371, -294.724]';
cam_dir      = [0.0606103, -0.297916, 0.952666]';
cam_up       = [0.00649366, 0.954518, 0.298082]';
cam_lookat   = [0, 0, 1]';
cam_sky      = [0, 1, 0]';
cam_right    = [1.32753, 0.0158012, -0.0795183]';
cam_fpoint   = [0, 0, 10]';
cam_angle    = 90;
