cam_pos      = [109.331, 456.719, -305.974]';
cam_dir      = [0.0953134, -0.278966, 0.955559]';
cam_up       = [0.0866019, 0.958614, 0.271219]';
cam_lookat   = [0, 0, 1]';
cam_sky      = [0, 1, 0]';
cam_right    = [1.31893, -0.0756802, -0.153652]';
cam_fpoint   = [0, 0, 10]';
cam_angle    = 90;
