cam_pos      = [145.479, 467.284, -309.441]';
cam_dir      = [0.179838, -0.301754, 0.936271]';
cam_up       = [-0.0296314, 0.949695, 0.311772]';
cam_lookat   = [0, 0, 1]';
cam_sky      = [0, 1, 0]';
cam_right    = [1.30772, 0.111469, -0.21526]';
cam_fpoint   = [0, 0, 10]';
cam_angle    = 90;
