cam_pos      = [120.553, 471.881, -289.3]';
cam_dir      = [0.352024, -0.407418, 0.842668]';
cam_up       = [-0.0230974, 0.89624, 0.442968]';
cam_lookat   = [0, 0, 1]';
cam_sky      = [0, 1, 0]';
cam_right    = [1.24449, 0.233281, -0.407097]';
cam_fpoint   = [0, 0, 10]';
cam_angle    = 90;
