cam_pos      = [131.888, 418.575, -307.529]';
cam_dir      = [0.241456, -0.272766, 0.931288]';
cam_up       = [0.0117896, 0.960437, 0.278247]';
cam_lookat   = [0, 0, 1]';
cam_sky      = [0, 1, 0]';
cam_right    = [1.29055, 0.0747525, -0.312708]';
cam_fpoint   = [0, 0, 10]';
cam_angle    = 90;
