cam_pos      = [167.254, 466.048, -323.914]';
cam_dir      = [0.346608, -0.300442, 0.888593]';
cam_up       = [-0.0347597, 0.942552, 0.332245]';
cam_lookat   = [0, 0, 1]';
cam_sky      = [0, 1, 0]';
cam_right    = [1.2467, 0.194241, -0.420616]';
cam_fpoint   = [0, 0, 10]';
cam_angle    = 90;
