cam_pos      = [75.0506, 462.594, -290.373]';
cam_dir      = [-0.00398119, -0.295361, 0.955377]';
cam_up       = [0.0307775, 0.954896, 0.295341]';
cam_lookat   = [0, 0, 1]';
cam_sky      = [0, 1, 0]';
cam_right    = [1.32936, -0.0406713, -0.00703417]';
cam_fpoint   = [0, 0, 10]';
cam_angle    = 90;
