cam_pos      = [141.735, 465.371, -300.685]';
cam_dir      = [0.127719, -0.291201, 0.948098]';
cam_up       = [-0.0645943, 0.951455, 0.300934]';
cam_lookat   = [0, 0, 1]';
cam_sky      = [0, 1, 0]';
cam_right    = [1.31631, 0.13257, -0.136603]';
cam_fpoint   = [0, 0, 10]';
cam_angle    = 90;
