cam_pos      = [83.9858, 486.247, -263.067]';
cam_dir      = [0.336981, -0.341929, 0.877228]';
cam_up       = [0.117794, 0.939713, 0.321035]';
cam_lookat   = [0, 0, 1]';
cam_sky      = [0, 1, 0]';
cam_right    = [1.24237, 0.00645127, -0.474734]';
cam_fpoint   = [0, 0, 10]';
cam_angle    = 90;
