cam_pos      = [82.8491, 469.079, -295.098]';
cam_dir      = [0.00448946, -0.283588, 0.958936]';
cam_up       = [0.0247575, 0.958683, 0.283397]';
cam_lookat   = [0, 0, 1]';
cam_sky      = [0, 1, 0]';
cam_right    = [1.32958, -0.0298832, -0.0150621]';
cam_fpoint   = [0, 0, 10]';
cam_angle    = 90;
