cam_pos      = [80.6802, 456.897, -291.057]';
cam_dir      = [0.0287727, -0.309514, 0.950459]';
cam_up       = [0.0604004, 0.949654, 0.307423]';
cam_lookat   = [0, 0, 1]';
cam_sky      = [0, 1, 0]';
cam_right    = [1.32702, -0.0645885, -0.0612051]';
cam_fpoint   = [0, 0, 10]';
cam_angle    = 90;
