cam_pos      = [93.3091, 467.879, -291.684]';
cam_dir      = [0.00563675, -0.417419, 0.908697]';
cam_up       = [-0.0446616, 0.907699, 0.417238]';
cam_lookat   = [0, 0, 1]';
cam_sky      = [0, 1, 0]';
cam_right    = [1.32865, 0.0571045, 0.0179897]';
cam_fpoint   = [0, 0, 10]';
cam_angle    = 90;
