cam_pos      = [85.138, 438.994, -286.85]';
cam_dir      = [0.10165, -0.34279, 0.933896]';
cam_up       = [0.0644085, 0.939057, 0.337674]';
cam_lookat   = [0, 0, 1]';
cam_sky      = [0, 1, 0]';
cam_right    = [1.32033, -0.034349, -0.15632]';
cam_fpoint   = [0, 0, 10]';
cam_angle    = 90;
