cam_pos      = [132.987, 462.946, -306.351]';
cam_dir      = [0.140818, -0.315649, 0.938369]';
cam_up       = [-0.0176063, 0.946865, 0.321149]';
cam_lookat   = [0, 0, 1]';
cam_sky      = [0, 1, 0]';
cam_right    = [1.31654, 0.0821206, -0.169945]';
cam_fpoint   = [0, 0, 10]';
cam_angle    = 90;
