cam_pos      = [88.0247, 450.804, -296.847]';
cam_dir      = [0.0269693, -0.326752, 0.944725]';
cam_up       = [0.027764, 0.944949, 0.326037]';
cam_lookat   = [0, 0, 1]';
cam_sky      = [0, 1, 0]';
cam_right    = [1.329, -0.0231904, -0.0459603]';
cam_fpoint   = [0, 0, 10]';
cam_angle    = 90;
