cam_pos      = [81.2234, 442.494, -294.438]';
cam_dir      = [-0.0278292, -0.447874, 0.893664]';
cam_up       = [0.041456, 0.892724, 0.448694]';
cam_lookat   = [0, 0, 1]';
cam_sky      = [0, 1, 0]';
cam_right    = [1.32834, -0.0658809, 0.00834805]';
cam_fpoint   = [0, 0, 10]';
cam_angle    = 90;
