cam_pos      = [107.872, 439.849, -296.032]';
cam_dir      = [0.182961, -0.354202, 0.917097]';
cam_up       = [0.0507945, 0.935003, 0.350984]';
cam_lookat   = [0, 0, 1]';
cam_sky      = [0, 1, 0]';
cam_right    = [1.3058, 0.0234518, -0.251451]';
cam_fpoint   = [0, 0, 10]';
cam_angle    = 90;
