cam_pos      = [86.183, 446.152, -283.422]';
cam_dir      = [0.0955562, -0.281798, 0.954704]';
cam_up       = [0.0724327, 0.958518, 0.275674]';
cam_lookat   = [0, 0, 1]';
cam_sky      = [0, 1, 0]';
cam_right    = [1.3204, -0.0569365, -0.148965]';
cam_fpoint   = [0, 0, 10]';
cam_angle    = 90;
