cam_pos      = [76.6557, 462.94, -292.317]';
cam_dir      = [0.00591509, -0.300863, 0.953649]';
cam_up       = [0.0307639, 0.953269, 0.300552]';
cam_lookat   = [0, 0, 1]';
cam_sky      = [0, 1, 0]';
cam_right    = [1.32935, -0.0366551, -0.0198096]';
cam_fpoint   = [0, 0, 10]';
cam_angle    = 90;
