cam_pos      = [100.718, 478.925, -280.135]';
cam_dir      = [0.33992, -0.359739, 0.868932]';
cam_up       = [0.0147073, 0.925869, 0.377558]';
cam_lookat   = [0, 0, 1]';
cam_sky      = [0, 1, 0]';
cam_right    = [1.25065, 0.153695, -0.425616]';
cam_fpoint   = [0, 0, 10]';
cam_angle    = 90;
