cam_pos      = [107.435, 461.078, -293.083]';
cam_dir      = [0.147685, -0.276508, 0.949596]';
cam_up       = [0.03125, 0.960949, 0.274954]';
cam_lookat   = [0, 0, 1]';
cam_sky      = [0, 1, 0]';
cam_right    = [1.31476, 0.0145392, -0.200243]';
cam_fpoint   = [0, 0, 10]';
cam_angle    = 90;
