cam_pos      = [99.2827, 475.916, -273.414]';
cam_dir      = [0.389079, -0.387164, 0.835896]';
cam_up       = [0.0343354, 0.912859, 0.406829]';
cam_lookat   = [0, 0, 1]';
cam_sky      = [0, 1, 0]';
cam_right    = [1.22435, 0.172352, -0.490062]';
cam_fpoint   = [0, 0, 10]';
cam_angle    = 90;
