cam_pos      = [96.2166, 484.321, -301.415]';
cam_dir      = [0.206854, -0.336326, 0.918747]';
cam_up       = [0.0433631, 0.941286, 0.334814]';
cam_lookat   = [0, 0, 1]';
cam_sky      = [0, 1, 0]';
cam_right    = [1.29996, 0.0391258, -0.27836]';
cam_fpoint   = [0, 0, 10]';
cam_angle    = 90;
