cam_pos      = [70.0939, 465.463, -291.706]';
cam_dir      = [-0.0214151, -0.238484, 0.97091]';
cam_up       = [0.0812827, 0.967503, 0.23944]';
cam_lookat   = [0, 0, 1]';
cam_sky      = [0, 1, 0]';
cam_right    = [1.32529, -0.111781, 0.00177495]';
cam_fpoint   = [0, 0, 10]';
cam_angle    = 90;
