cam_pos      = [74.8393, 429.902, -297.71]';
cam_dir      = [0.0780355, -0.366146, 0.92728]';
cam_up       = [0.0169101, 0.930468, 0.365982]';
cam_lookat   = [0, 0, 1]';
cam_sky      = [0, 1, 0]';
cam_right    = [1.32575, 0.0171293, -0.104805]';
cam_fpoint   = [0, 0, 10]';
cam_angle    = 90;
