cam_pos      = [105.574, 475.587, -271.854]';
cam_dir      = [0.42289, -0.355886, 0.833372]';
cam_up       = [-0.00400059, 0.918911, 0.394445]';
cam_lookat   = [0, 0, 1]';
cam_sky      = [0, 1, 0]';
cam_right    = [1.20521, 0.226288, -0.514943]';
cam_fpoint   = [0, 0, 10]';
cam_angle    = 90;
