cam_pos      = [107.803, 460.168, -304.1]';
cam_dir      = [0.111974, -0.322718, 0.939848]';
cam_up       = [0.0350496, 0.946491, 0.320823]';
cam_lookat   = [0, 0, 1]';
cam_sky      = [0, 1, 0]';
cam_right    = [1.32081, 0.00396671, -0.156]';
cam_fpoint   = [0, 0, 10]';
cam_angle    = 90;
