cam_pos      = [114.852, 463.904, -288.753]';
cam_dir      = [0.28753, -0.539539, 0.791343]';
cam_up       = [0.281703, 0.837327, 0.468536]';
cam_lookat   = [0, 0, 1]';
cam_sky      = [0, 1, 0]';
cam_right    = [1.21749, -0.117313, -0.522354]';
cam_fpoint   = [0, 0, 10]';
cam_angle    = 90;
