cam_pos      = [95.5812, 443.651, -289.497]';
cam_dir      = [0.364898, -0.481856, 0.796658]';
cam_up       = [0.0999367, 0.870985, 0.481038]';
cam_lookat   = [0, 0, 1]';
cam_sky      = [0, 1, 0]';
cam_right    = [1.23114, 0.127566, -0.486748]';
cam_fpoint   = [0, 0, 10]';
cam_angle    = 90;
