cam_pos      = [128.698, 471.598, -275.46]';
cam_dir      = [0.322636, -0.390337, 0.862289]';
cam_up       = [0.100505, 0.919985, 0.378849]';
cam_lookat   = [0, 0, 1]';
cam_sky      = [0, 1, 0]';
cam_right    = [1.25176, 0.0473026, -0.446948]';
cam_fpoint   = [0, 0, 10]';
cam_angle    = 90;
