cam_pos      = [137.808, 467.89, -297.985]';
cam_dir      = [0.439345, -0.463642, 0.769423]';
cam_up       = [-0.001317, 0.856182, 0.516673]';
cam_lookat   = [0, 0, 1]';
cam_sky      = [0, 1, 0]';
cam_right    = [1.19476, 0.303255, -0.49948]';
cam_fpoint   = [0, 0, 10]';
cam_angle    = 90;
