cam_pos      = [98.2678, 482.328, -259.179]';
cam_dir      = [0.343095, -0.403395, 0.848268]';
cam_up       = [0.114695, 0.914319, 0.388415]';
cam_lookat   = [0, 0, 1]';
cam_sky      = [0, 1, 0]';
cam_right    = [1.23992, 0.0478417, -0.478755]';
cam_fpoint   = [0, 0, 10]';
cam_angle    = 90;
