cam_pos      = [104.663, 462.346, -295.536]';
cam_dir      = [0.193961, -0.285595, 0.938517]';
cam_up       = [0.0588655, 0.95835, 0.279465]';
cam_lookat   = [0, 0, 1]';
cam_sky      = [0, 1, 0]';
cam_right    = [1.30239, -0.00138461, -0.269583]';
cam_fpoint   = [0, 0, 10]';
cam_angle    = 90;
