cam_pos      = [97.9851, 464.727, -287.957]';
cam_dir      = [0.13449, -0.356174, 0.924691]';
cam_up       = [0.0296735, 0.934198, 0.35552]';
cam_lookat   = [0, 0, 1]';
cam_sky      = [0, 1, 0]';
cam_right    = [1.31733, 0.0270989, -0.181158]';
cam_fpoint   = [0, 0, 10]';
cam_angle    = 90;
