cam_pos      = [128.269, 469.68, -297.433]';
cam_dir      = [0.403383, -0.489422, 0.773142]';
cam_up       = [0.0426881, 0.85408, 0.518386]';
cam_lookat   = [0, 0, 1]';
cam_sky      = [0, 1, 0]';
cam_right    = [1.21567, 0.234218, -0.486001]';
cam_fpoint   = [0, 0, 10]';
cam_angle    = 90;
