cam_pos      = [131.875, 461.289, -309.194]';
cam_dir      = [0.289127, -0.330447, 0.898449]';
cam_up       = [0.0584749, 0.942877, 0.32797]';
cam_lookat   = [0, 0, 1]';
cam_sky      = [0, 1, 0]';
cam_right    = [1.27082, 0.0562433, -0.388272]';
cam_fpoint   = [0, 0, 10]';
cam_angle    = 90;
