cam_pos      = [135.347, 486.572, -309.962]';
cam_dir      = [0.164634, -0.418277, 0.893275]';
cam_up       = [-0.0896973, 0.895531, 0.435865]';
cam_lookat   = [0, 0, 1]';
cam_sky      = [0, 1, 0]';
cam_right    = [1.30642, 0.202004, -0.14619]';
cam_fpoint   = [0, 0, 10]';
cam_angle    = 90;
