cam_pos      = [107.145, 478.313, -272.628]';
cam_dir      = [0.392272, -0.380112, 0.837638]';
cam_up       = [0.0928916, 0.92234, 0.375047]';
cam_lookat   = [0, 0, 1]';
cam_sky      = [0, 1, 0]';
cam_right    = [1.21715, 0.0921835, -0.528166]';
cam_fpoint   = [0, 0, 10]';
cam_angle    = 90;
