cam_pos      = [114.894, 450.622, -276.991]';
cam_dir      = [0.41712, -0.462165, 0.782569]';
cam_up       = [0.0652479, 0.874059, 0.481418]';
cam_lookat   = [0, 0, 1]';
cam_sky      = [0, 1, 0]';
cam_right    = [1.20565, 0.199165, -0.525008]';
cam_fpoint   = [0, 0, 10]';
cam_angle    = 90;
