cam_pos      = [107.089, 501.831, -303.209]';
cam_dir      = [0.236121, -0.246571, 0.93992]';
cam_up       = [-0.0306164, 0.964903, 0.260816]';
cam_lookat   = [0, 0, 1]';
cam_sky      = [0, 1, 0]';
cam_right    = [1.29175, 0.12018, -0.292979]';
cam_fpoint   = [0, 0, 10]';
cam_angle    = 90;
