cam_pos      = [155.847, 462.883, -320.305]';
cam_dir      = [0.307768, -0.320944, 0.895697]';
cam_up       = [-0.0335136, 0.93715, 0.347313]';
cam_lookat   = [0, 0, 1]';
cam_sky      = [0, 1, 0]';
cam_right    = [1.26466, 0.18209, -0.3693]';
cam_fpoint   = [0, 0, 10]';
cam_angle    = 90;
