cam_pos      = [102.141, 467.163, -295.731]';
cam_dir      = [0.0857789, -0.289815, 0.953231]';
cam_up       = [-0.000391026, 0.956748, 0.290919]';
cam_lookat   = [0, 0, 1]';
cam_sky      = [0, 1, 0]';
cam_right    = [1.3251, 0.0336856, -0.109001]';
cam_fpoint   = [0, 0, 10]';
cam_angle    = 90;
