cam_pos      = [124.295, 445.016, -313.445]';
cam_dir      = [0.116712, -0.324713, 0.938584]';
cam_up       = [0.0871879, 0.944744, 0.316002]';
cam_lookat   = [0, 0, 1]';
cam_sky      = [0, 1, 0]';
cam_right    = [1.31581, -0.059786, -0.184303]';
cam_fpoint   = [0, 0, 10]';
cam_angle    = 90;
