cam_pos      = [121.627, 455.625, -305.003]';
cam_dir      = [0.126094, -0.322178, 0.938244]';
cam_up       = [0.00856467, 0.946111, 0.323729]';
cam_lookat   = [0, 0, 1]';
cam_sky      = [0, 1, 0]';
cam_right    = [1.31933, 0.0436034, -0.162337]';
cam_fpoint   = [0, 0, 10]';
cam_angle    = 90;
