cam_pos      = [66.3096, 487.032, -275.135]';
cam_dir      = [0.285918, -0.37773, 0.880665]';
cam_up       = [0.159427, 0.924973, 0.344975]';
cam_lookat   = [0, 0, 1]';
cam_sky      = [0, 1, 0]';
cam_right    = [1.25672, -0.0555505, -0.431834]';
cam_fpoint   = [0, 0, 10]';
cam_angle    = 90;
