cam_pos      = [99.5849, 435.495, -290.507]';
cam_dir      = [0.378019, -0.521261, 0.765107]';
cam_up       = [0.0834277, 0.842247, 0.532597]';
cam_lookat   = [0, 0, 1]';
cam_sky      = [0, 1, 0]';
cam_right    = [1.2263, 0.182876, -0.481291]';
cam_fpoint   = [0, 0, 10]';
cam_angle    = 90;
