cam_pos      = [74.353, 458.803, -291.933]';
cam_dir      = [0.0170699, -0.309676, 0.950689]';
cam_up       = [0.059103, 0.949477, 0.30822]';
cam_lookat   = [0, 0, 1]';
cam_sky      = [0, 1, 0]';
cam_right    = [1.32748, -0.0677333, -0.0458987]';
cam_fpoint   = [0, 0, 10]';
cam_angle    = 90;
