cam_pos      = [79.3045, 464.279, -295.458]';
cam_dir      = [0.0142, -0.298803, 0.954209]';
cam_up       = [0.0292231, 0.954022, 0.298309]';
cam_lookat   = [0, 0, 1]';
cam_sky      = [0, 1, 0]';
cam_right    = [1.3293, -0.0314532, -0.0296312]';
cam_fpoint   = [0, 0, 10]';
cam_angle    = 90;
