cam_pos      = [99.6835, 485.43, -272.967]';
cam_dir      = [0.290864, -0.234206, 0.927656]';
cam_up       = [0.141147, 0.969471, 0.200507]';
cam_lookat   = [0, 0, 1]';
cam_sky      = [0, 1, 0]';
cam_right    = [1.25857, -0.0965787, -0.419006]';
cam_fpoint   = [0, 0, 10]';
cam_angle    = 90;
