cam_pos      = [130.337, 484.662, -271.589]';
cam_dir      = [0.47632, -0.29737, 0.82746]';
cam_up       = [-0.0775984, 0.923185, 0.376441]';
cam_lookat   = [0, 0, 1]';
cam_sky      = [0, 1, 0]';
cam_right    = [1.16487, 0.323876, -0.554152]';
cam_fpoint   = [0, 0, 10]';
cam_angle    = 90;
