cam_pos      = [78.6805, 469.267, -275.738]';
cam_dir      = [0.037797, -0.280549, 0.959095]';
cam_up       = [0.0889233, 0.956918, 0.276408]';
cam_lookat   = [0, 0, 1]';
cam_sky      = [0, 1, 0]';
cam_right    = [1.32378, -0.0995352, -0.0812843]';
cam_fpoint   = [0, 0, 10]';
cam_angle    = 90;
