cam_pos      = [73.0564, 482.087, -268.482]';
cam_dir      = [0.314818, -0.403083, 0.85931]';
cam_up       = [0.144536, 0.915145, 0.376322]';
cam_lookat   = [0, 0, 1]';
cam_sky      = [0, 1, 0]';
cam_right    = [1.24765, -0.00761859, -0.460664]';
cam_fpoint   = [0, 0, 10]';
cam_angle    = 90;
