cam_pos      = [159.29, 438.896, -323.154]';
cam_dir      = [0.19801, -0.337489, 0.920268]';
cam_up       = [0.0659347, 0.941317, 0.331021]';
cam_lookat   = [0, 0, 1]';
cam_sky      = [0, 1, 0]';
cam_right    = [1.30071, 0.00647436, -0.277494]';
cam_fpoint   = [0, 0, 10]';
cam_angle    = 90;
