cam_pos      = [103.829, 457.886, -297.939]';
cam_dir      = [0.0898564, -0.315795, 0.944563]';
cam_up       = [0.0332883, 0.948822, 0.314052]';
cam_lookat   = [0, 0, 1]';
cam_sky      = [0, 1, 0]';
cam_right    = [1.32388, -0.00428699, -0.127374]';
cam_fpoint   = [0, 0, 10]';
cam_angle    = 90;
