cam_pos      = [75.0788, 463.397, -292.767]';
cam_dir      = [0.00252816, -0.298293, 0.954471]';
cam_up       = [0.031001, 0.954039, 0.298076]';
cam_lookat   = [0, 0, 1]';
cam_sky      = [0, 1, 0]';
cam_right    = [1.32936, -0.0383519, -0.0155069]';
cam_fpoint   = [0, 0, 10]';
cam_angle    = 90;
