cam_pos      = [109.656, 466.682, -275.257]';
cam_dir      = [0.495393, -0.454845, 0.740069]';
cam_up       = [0.066219, 0.869252, 0.489915]';
cam_lookat   = [0, 0, 1]';
cam_sky      = [0, 1, 0]';
cam_right    = [1.15197, 0.257613, -0.612786]';
cam_fpoint   = [0, 0, 10]';
cam_angle    = 90;
