cam_pos      = [110.28, 478.38, -284.903]';
cam_dir      = [0.386732, -0.324509, 0.86321]';
cam_up       = [-0.0484928, 0.927591, 0.370437]';
cam_lookat   = [0, 0, 1]';
cam_sky      = [0, 1, 0]';
cam_right    = [1.22482, 0.246208, -0.456181]';
cam_fpoint   = [0, 0, 10]';
cam_angle    = 90;
