cam_pos      = [118.112, 477.827, -301.219]';
cam_dir      = [0.0941109, -0.453393, 0.886328]';
cam_up       = [-0.0595122, 0.886126, 0.459608]';
cam_lookat   = [0, 0, 1]';
cam_sky      = [0, 1, 0]';
cam_right    = [1.32173, 0.127682, -0.0750276]';
cam_fpoint   = [0, 0, 10]';
cam_angle    = 90;
