cam_pos      = [77.3244, 440.941, -306.455]';
cam_dir      = [-0.0190295, -0.345605, 0.938187]';
cam_up       = [0.00845526, 0.938268, 0.345806]';
cam_lookat   = [0, 0, 1]';
cam_sky      = [0, 1, 0]';
cam_right    = [1.32971, -0.0193024, 0.0198604]';
cam_fpoint   = [0, 0, 10]';
cam_angle    = 90;
