cam_pos      = [72.146, 457.311, -289.379]';
cam_dir      = [0.00694717, -0.304763, 0.952403]';
cam_up       = [0.0685401, 0.950331, 0.3036]';
cam_lookat   = [0, 0, 1]';
cam_sky      = [0, 1, 0]';
cam_right    = [1.32684, -0.0840142, -0.0365625]';
cam_fpoint   = [0, 0, 10]';
cam_angle    = 90;
