cam_pos      = [105.231, 474.165, -281.504]';
cam_dir      = [0.300103, -0.506238, 0.808493]';
cam_up       = [0.176267, 0.862394, 0.47456]';
cam_lookat   = [0, 0, 1]';
cam_sky      = [0, 1, 0]';
cam_right    = [1.24685, -0.000124937, -0.462893]';
cam_fpoint   = [0, 0, 10]';
cam_angle    = 90;
