cam_pos      = [143.494, 460.459, -313.478]';
cam_dir      = [0.196646, -0.321535, 0.926254]';
cam_up       = [0.01174, 0.945404, 0.32569]';
cam_lookat   = [0, 0, 1]';
cam_sky      = [0, 1, 0]';
cam_right    = [1.30394, 0.0707181, -0.252281]';
cam_fpoint   = [0, 0, 10]';
cam_angle    = 90;
