cam_pos      = [102.783, 457.622, -308.757]';
cam_dir      = [0.334745, -0.456319, 0.82445]';
cam_up       = [0.0539785, 0.882775, 0.466684]';
cam_lookat   = [0, 0, 1]';
cam_sky      = [0, 1, 0]';
cam_right    = [1.25121, 0.148585, -0.425781]';
cam_fpoint   = [0, 0, 10]';
cam_angle    = 90;
