cam_pos      = [135.93, 471.916, -263.059]';
cam_dir      = [0.470984, -0.394577, 0.788976]';
cam_up       = [0.0478006, 0.904488, 0.423812]';
cam_lookat   = [0, 0, 1]';
cam_sky      = [0, 1, 0]';
cam_right    = [1.17153, 0.21532, -0.591664]';
cam_fpoint   = [0, 0, 10]';
cam_angle    = 90;
