cam_pos      = [106.396, 475.501, -268.021]';
cam_dir      = [0.382433, -0.309479, 0.870614]';
cam_up       = [0.0641058, 0.948856, 0.309132]';
cam_lookat   = [0, 0, 1]';
cam_sky      = [0, 1, 0]';
cam_right    = [1.22594, 0.0830066, -0.509008]';
cam_fpoint   = [0, 0, 10]';
cam_angle    = 90;
