cam_pos      = [108.298, 464.346, -304.659]';
cam_dir      = [0.102584, -0.309361, 0.945395]';
cam_up       = [0.0174798, 0.950823, 0.309241]';
cam_lookat   = [0, 0, 1]';
cam_sky      = [0, 1, 0]';
cam_right    = [1.32278, 0.0202131, -0.13692]';
cam_fpoint   = [0, 0, 10]';
cam_angle    = 90;
