cam_pos      = [96.5225, 445.652, -308.775]';
cam_dir      = [0.0339727, -0.340821, 0.939514]';
cam_up       = [-0.0108101, 0.939876, 0.341343]';
cam_lookat   = [0, 0, 1]';
cam_sky      = [0, 1, 0]';
cam_right    = [1.32915, 0.028931, -0.0375669]';
cam_fpoint   = [0, 0, 10]';
cam_angle    = 90;
