cam_pos      = [86.6858, 463.509, -273.797]';
cam_dir      = [0.383005, -0.437487, 0.81358]';
cam_up       = [0.112044, 0.896238, 0.429188]';
cam_lookat   = [0, 0, 1]';
cam_sky      = [0, 1, 0]';
cam_right    = [1.21951, 0.0973887, -0.521735]';
cam_fpoint   = [0, 0, 10]';
cam_angle    = 90;
