cam_pos      = [134.061, 481.637, -268.398]';
cam_dir      = [0.509285, -0.293805, 0.808893]';
cam_up       = [-0.0746177, 0.921305, 0.381615]';
cam_lookat   = [0, 0, 1]';
cam_sky      = [0, 1, 0]';
cam_right    = [1.14028, 0.338763, -0.594888]';
cam_fpoint   = [0, 0, 10]';
cam_angle    = 90;
