cam_pos      = [82.8678, 482.509, -279.994]';
cam_dir      = [0.274875, -0.384916, 0.88107]';
cam_up       = [0.0944858, 0.922747, 0.373646]';
cam_lookat   = [0, 0, 1]';
cam_sky      = [0, 1, 0]';
cam_right    = [1.27258, 0.0258782, -0.385712]';
cam_fpoint   = [0, 0, 10]';
cam_angle    = 90;
