cam_pos      = [134.826, 467.103, -295.002]';
cam_dir      = [0.423143, -0.456598, 0.782604]';
cam_up       = [-0.00599805, 0.862311, 0.506344]';
cam_lookat   = [0, 0, 1]';
cam_sky      = [0, 1, 0]';
cam_right    = [1.20504, 0.291204, -0.481649]';
cam_fpoint   = [0, 0, 10]';
cam_angle    = 90;
