cam_pos      = [111.482, 443.462, -272.62]';
cam_dir      = [0.342655, -0.415104, 0.842779]';
cam_up       = [0.0326718, 0.90181, 0.430896]';
cam_lookat   = [0, 0, 1]';
cam_sky      = [0, 1, 0]';
cam_right    = [1.24873, 0.15975, -0.429021]';
cam_fpoint   = [0, 0, 10]';
cam_angle    = 90;
