cam_pos      = [118.731, 471.944, -304.006]';
cam_dir      = [0.11281, -0.292645, 0.949544]';
cam_up       = [-0.0155139, 0.955009, 0.296172]';
cam_lookat   = [0, 0, 1]';
cam_sky      = [0, 1, 0]';
cam_right    = [1.32135, 0.0640293, -0.137248]';
cam_fpoint   = [0, 0, 10]';
cam_angle    = 90;
