cam_pos      = [62.9539, 456.552, -274.563]';
cam_dir      = [-0.0211264, -0.286121, 0.957961]';
cam_up       = [0.044958, 0.956933, 0.286806]';
cam_lookat   = [0, 0, 1]';
cam_sky      = [0, 1, 0]';
cam_right    = [1.32836, -0.0653392, 0.00977966]';
cam_fpoint   = [0, 0, 10]';
cam_angle    = 90;
