cam_pos      = [100.568, 449.88, -295.651]';
cam_dir      = [0.0210957, -0.330914, 0.943425]';
cam_up       = [-0.016852, 0.943383, 0.331276]';
cam_lookat   = [0, 0, 1]';
cam_sky      = [0, 1, 0]';
cam_right    = [1.32951, 0.0304398, -0.019052]';
cam_fpoint   = [0, 0, 10]';
cam_angle    = 90;
