cam_pos      = [164.504, 462.63, -315.925]';
cam_dir      = [0.345367, -0.277639, 0.896459]';
cam_up       = [0.0163916, 0.956876, 0.290035]';
cam_lookat   = [0, 0, 1]';
cam_sky      = [0, 1, 0]';
cam_right    = [1.24797, 0.113681, -0.445582]';
cam_fpoint   = [0, 0, 10]';
cam_angle    = 90;
