cam_pos      = [148.673, 468.638, -310.202]';
cam_dir      = [0.192521, -0.296685, 0.935368]';
cam_up       = [-0.0335739, 0.95065, 0.308443]';
cam_lookat   = [0, 0, 1]';
cam_sky      = [0, 1, 0]';
cam_right    = [1.30435, 0.120745, -0.230168]';
cam_fpoint   = [0, 0, 10]';
cam_angle    = 90;
