cam_pos      = [100.245, 431.175, -294.443]';
cam_dir      = [0.377116, -0.504336, 0.776807]';
cam_up       = [0.0691009, 0.851718, 0.519425]';
cam_lookat   = [0, 0, 1]';
cam_sky      = [0, 1, 0]';
cam_right    = [1.22837, 0.189133, -0.473541]';
cam_fpoint   = [0, 0, 10]';
cam_angle    = 90;
