cam_pos      = [140.332, 466.009, -309.103]';
cam_dir      = [0.154982, -0.275192, 0.948815]';
cam_up       = [-0.0256991, 0.958971, 0.282336]';
cam_lookat   = [0, 0, 1]';
cam_sky      = [0, 1, 0]';
cam_right    = [1.31349, 0.090627, -0.188263]';
cam_fpoint   = [0, 0, 10]';
cam_angle    = 90;
