cam_pos      = [130.211, 464.372, -306.062]';
cam_dir      = [0.262805, -0.331889, 0.905971]';
cam_up       = [0.00416449, 0.939358, 0.342912]';
cam_lookat   = [0, 0, 1]';
cam_sky      = [0, 1, 0]';
cam_right    = [1.28324, 0.11484, -0.330173]';
cam_fpoint   = [0, 0, 10]';
cam_angle    = 90;
