cam_pos      = [150.146, 461.462, -315.546]';
cam_dir      = [0.213168, -0.318143, 0.923766]';
cam_up       = [0.00750718, 0.946004, 0.324069]';
cam_lookat   = [0, 0, 1]';
cam_sky      = [0, 1, 0]';
cam_right    = [1.29939, 0.0826544, -0.271381]';
cam_fpoint   = [0, 0, 10]';
cam_angle    = 90;
