cam_pos      = [168.64, 447.174, -321.931]';
cam_dir      = [0.220449, -0.319933, 0.921436]';
cam_up       = [0.0282345, 0.946374, 0.321837]';
cam_lookat   = [0, 0, 1]';
cam_sky      = [0, 1, 0]';
cam_right    = [1.29674, 0.05976, -0.289488]';
cam_fpoint   = [0, 0, 10]';
cam_angle    = 90;
