cam_pos      = [122.247, 463.168, -303.721]';
cam_dir      = [0.216306, -0.318712, 0.92284]';
cam_up       = [0.0150501, 0.946194, 0.32325]';
cam_lookat   = [0, 0, 1]';
cam_sky      = [0, 1, 0]';
cam_right    = [1.29836, 0.0745226, -0.278587]';
cam_fpoint   = [0, 0, 10]';
cam_angle    = 90;
