cam_pos      = [77.7053, 442.521, -282.484]';
cam_dir      = [0.0779377, -0.321648, 0.943646]';
cam_up       = [0.0675041, 0.946056, 0.316894]';
cam_lookat   = [0, 0, 1]';
cam_sky      = [0, 1, 0]';
cam_right    = [1.32291, -0.0518727, -0.126943]';
cam_fpoint   = [0, 0, 10]';
cam_angle    = 90;
