cam_pos      = [95.0324, 482.896, -287.301]';
cam_dir      = [0.241877, -0.315335, 0.917638]';
cam_up       = [0.0972746, 0.948835, 0.300415]';
cam_lookat   = [0, 0, 1]';
cam_sky      = [0, 1, 0]';
cam_right    = [1.28401, -0.0220771, -0.346033]';
cam_fpoint   = [0, 0, 10]';
cam_angle    = 90;
