cam_pos      = [127.655, 480.277, -275.432]';
cam_dir      = [0.463912, -0.31594, 0.827628]';
cam_up       = [-0.0815944, 0.915032, 0.395042]';
cam_lookat   = [0, 0, 1]';
cam_sky      = [0, 1, 0]';
cam_right    = [1.17321, 0.333557, -0.530291]';
cam_fpoint   = [0, 0, 10]';
cam_angle    = 90;
