cam_pos      = [104.56, 493.87, -317.686]';
cam_dir      = [0.251449, -0.318119, 0.914097]';
cam_up       = [0.0481666, 0.947384, 0.316454]';
cam_lookat   = [0, 0, 1]';
cam_sky      = [0, 1, 0]';
cam_right    = [1.28567, 0.0472723, -0.337211]';
cam_fpoint   = [0, 0, 10]';
cam_angle    = 90;
