cam_pos      = [126.175, 456.325, -306.432]';
cam_dir      = [0.141605, -0.319995, 0.936777]';
cam_up       = [0.00860925, 0.946675, 0.322075]';
cam_lookat   = [0, 0, 1]';
cam_sky      = [0, 1, 0]';
cam_right    = [1.31655, 0.0499314, -0.181956]';
cam_fpoint   = [0, 0, 10]';
cam_angle    = 90;
