cam_pos      = [84.234, 461.967, -293.481]';
cam_dir      = [0.0209554, -0.305057, 0.952104]';
cam_up       = [0.0278265, 0.952122, 0.30445]';
cam_lookat   = [0, 0, 1]';
cam_sky      = [0, 1, 0]';
cam_right    = [1.32919, -0.0267514, -0.0378263]';
cam_fpoint   = [0, 0, 10]';
cam_angle    = 90;
