cam_pos      = [70.5901, 452.356, -292.066]';
cam_dir      = [-0.0301291, -0.316383, 0.948153]';
cam_up       = [0.038628, 0.947506, 0.317395]';
cam_lookat   = [0, 0, 1]';
cam_sky      = [0, 1, 0]';
cam_right    = [1.3284, -0.0614302, 0.021714]';
cam_fpoint   = [0, 0, 10]';
cam_angle    = 90;
