cam_pos      = [170.818, 454.097, -318.811]';
cam_dir      = [0.225824, -0.305545, 0.925011]';
cam_up       = [-0.00246715, 0.949357, 0.314189]';
cam_lookat   = [0, 0, 1]';
cam_sky      = [0, 1, 0]';
cam_right    = [1.29564, 0.0974007, -0.284133]';
cam_fpoint   = [0, 0, 10]';
cam_angle    = 90;
