cam_pos      = [77.9623, 467.716, -293.845]';
cam_dir      = [-0.00991197, -0.280998, 0.959657]';
cam_up       = [0.0341355, 0.95905, 0.281173]';
cam_lookat   = [0, 0, 1]';
cam_sky      = [0, 1, 0]';
cam_right    = [1.32916, -0.0472754, -0.00011429]';
cam_fpoint   = [0, 0, 10]';
cam_angle    = 90;
