cam_pos      = [134.147, 481.044, -305.074]';
cam_dir      = [0.15798, -0.439339, 0.884321]';
cam_up       = [-0.0840347, 0.886336, 0.455352]';
cam_lookat   = [0, 0, 1]';
cam_sky      = [0, 1, 0]';
cam_right    = [1.30853, 0.194513, -0.137128]';
cam_fpoint   = [0, 0, 10]';
cam_angle    = 90;
