cam_pos      = [172.718, 447.403, -333.482]';
cam_dir      = [0.364161, -0.334184, 0.869314]';
cam_up       = [0.052158, 0.939259, 0.339223]';
cam_lookat   = [0, 0, 1]';
cam_sky      = [0, 1, 0]';
cam_right    = [1.23673, 0.103993, -0.478098]';
cam_fpoint   = [0, 0, 10]';
cam_angle    = 90;
