cam_pos      = [140.466, 438.571, -328.474]';
cam_dir      = [0.225264, -0.387738, 0.893821]';
cam_up       = [0.0626098, 0.921265, 0.383864]';
cam_lookat   = [0, 0, 1]';
cam_sky      = [0, 1, 0]';
cam_right    = [1.29314, 0.0405767, -0.308299]';
cam_fpoint   = [0, 0, 10]';
cam_angle    = 90;
