cam_pos      = [61.0473, 459.01, -293.45]';
cam_dir      = [-0.0487036, -0.260761, 0.964174]';
cam_up       = [0.0638254, 0.962534, 0.263542]';
cam_lookat   = [0, 0, 1]';
cam_sky      = [0, 1, 0]';
cam_right    = [1.32571, -0.0989177, 0.0402135]';
cam_fpoint   = [0, 0, 10]';
cam_angle    = 90;
