cam_pos      = [92.1524, 450.865, -297.967]';
cam_dir      = [0.035601, -0.329585, 0.943454]';
cam_up       = [0.0270318, 0.944025, 0.328764]';
cam_lookat   = [0, 0, 1]';
cam_sky      = [0, 1, 0]';
cam_right    = [1.32867, -0.0183525, -0.0565483]';
cam_fpoint   = [0, 0, 10]';
cam_angle    = 90;
