cam_pos      = [91.4757, 427.339, -304.398]';
cam_dir      = [0.118382, -0.376857, 0.918675]';
cam_up       = [0.0115929, 0.925643, 0.378221]';
cam_lookat   = [0, 0, 1]';
cam_sky      = [0, 1, 0]';
cam_right    = [1.32056, 0.0453855, -0.151551]';
cam_fpoint   = [0, 0, 10]';
cam_angle    = 90;
