cam_pos      = [115.58, 474.681, -279.606]';
cam_dir      = [0.444456, -0.332878, 0.831656]';
cam_up       = [-0.0576278, 0.915846, 0.397374]';
cam_lookat   = [0, 0, 1]';
cam_sky      = [0, 1, 0]';
cam_right    = [1.18895, 0.298641, -0.515867]';
cam_fpoint   = [0, 0, 10]';
cam_angle    = 90;
