cam_pos      = [126.918, 456.477, -305.375]';
cam_dir      = [0.220249, -0.303569, 0.927004]';
cam_up       = [0.0433218, 0.952447, 0.301608]';
cam_lookat   = [0, 0, 1]';
cam_sky      = [0, 1, 0]';
cam_right    = [1.29606, 0.0349383, -0.296493]';
cam_fpoint   = [0, 0, 10]';
cam_angle    = 90;
