cam_pos      = [155.074, 487.513, -334.422]';
cam_dir      = [0.336523, -0.491411, 0.803285]';
cam_up       = [-0.0759485, 0.836096, 0.5433]';
cam_lookat   = [0, 0, 1]';
cam_sky      = [0, 1, 0]';
cam_right    = [1.24835, 0.324309, -0.324579]';
cam_fpoint   = [0, 0, 10]';
cam_angle    = 90;
