cam_pos      = [141.418, 476.129, -316.413]';
cam_dir      = [0.30692, -0.376012, 0.874308]';
cam_up       = [-0.0121927, 0.917018, 0.39866]';
cam_lookat   = [0, 0, 1]';
cam_sky      = [0, 1, 0]';
cam_right    = [1.2657, 0.176913, -0.368233]';
cam_fpoint   = [0, 0, 10]';
cam_angle    = 90;
