cam_pos      = [138.194, 458.286, -311.505]';
cam_dir      = [0.192008, -0.319215, 0.928027]';
cam_up       = [0.00728326, 0.94606, 0.323911]';
cam_lookat   = [0, 0, 1]';
cam_sky      = [0, 1, 0]';
cam_right    = [1.30522, 0.0737278, -0.244688]';
cam_fpoint   = [0, 0, 10]';
cam_angle    = 90;
