cam_pos      = [176.745, 458.201, -327.544]';
cam_dir      = [0.383699, -0.307315, 0.870823]';
cam_up       = [0.0254206, 0.94616, 0.322701]';
cam_lookat   = [0, 0, 1]';
cam_sky      = [0, 1, 0]';
cam_right    = [1.22773, 0.135238, -0.493234]';
cam_fpoint   = [0, 0, 10]';
cam_angle    = 90;
