cam_pos      = [142.82, 455.494, -315.75]';
cam_dir      = [0.278723, -0.316901, 0.90658]';
cam_up       = [-0.0184432, 0.942048, 0.33497]';
cam_lookat   = [0, 0, 1]';
cam_sky      = [0, 1, 0]';
cam_right    = [1.27706, 0.146412, -0.341446]';
cam_fpoint   = [0, 0, 10]';
cam_angle    = 90;
