cam_pos      = [79.8245, 459.248, -294.568]';
cam_dir      = [0.0323404, -0.312437, 0.949388]';
cam_up       = [0.0531734, 0.949077, 0.310524]';
cam_lookat   = [0, 0, 1]';
cam_sky      = [0, 1, 0]';
cam_right    = [1.32742, -0.0537848, -0.0629182]';
cam_fpoint   = [0, 0, 10]';
cam_angle    = 90;
