cam_pos      = [134.584, 472.918, -312.049]';
cam_dir      = [0.289272, -0.387563, 0.875281]';
cam_up       = [-0.0192427, 0.911834, 0.410108]';
cam_lookat   = [0, 0, 1]';
cam_sky      = [0, 1, 0]';
cam_right    = [1.27288, 0.180183, -0.340892]';
cam_fpoint   = [0, 0, 10]';
cam_angle    = 90;
