cam_pos      = [119.609, 471.496, -300.783]';
cam_dir      = [0.227342, -0.363904, 0.903266]';
cam_up       = [0.0336431, 0.929935, 0.366181]';
cam_lookat   = [0, 0, 1]';
cam_sky      = [0, 1, 0]';
cam_right    = [1.2944, 0.0703033, -0.297462]';
cam_fpoint   = [0, 0, 10]';
cam_angle    = 90;
