cam_pos      = [85.1138, 471.103, -279.33]';
cam_dir      = [0.0564445, -0.298301, 0.952801]';
cam_up       = [0.0540431, 0.953837, 0.295423]';
cam_lookat   = [0, 0, 1]';
cam_sky      = [0, 1, 0]';
cam_right    = [1.32593, -0.046307, -0.0930467]';
cam_fpoint   = [0, 0, 10]';
cam_angle    = 90;
