cam_pos      = [118.117, 459.812, -301.501]';
cam_dir      = [0.0996928, -0.317821, 0.942895]';
cam_up       = [-0.00189224, 0.947554, 0.319591]';
cam_lookat   = [0, 0, 1]';
cam_sky      = [0, 1, 0]';
cam_right    = [1.32337, 0.044748, -0.124838]';
cam_fpoint   = [0, 0, 10]';
cam_angle    = 90;
