cam_pos      = [96.2301, 493.587, -291.739]';
cam_dir      = [0.0192044, -0.416359, 0.908998]';
cam_up       = [-0.153258, 0.897195, 0.414191]';
cam_lookat   = [0, 0, 1]';
cam_sky      = [0, 1, 0]';
cam_right    = [1.31404, 0.195862, 0.0619517]';
cam_fpoint   = [0, 0, 10]';
cam_angle    = 90;
