cam_pos      = [117.342, 472.901, -288.242]';
cam_dir      = [0.379376, -0.476064, 0.793371]';
cam_up       = [0.0576814, 0.867974, 0.493248]';
cam_lookat   = [0, 0, 1]';
cam_sky      = [0, 1, 0]';
cam_right    = [1.22818, 0.188014, -0.474476]';
cam_fpoint   = [0, 0, 10]';
cam_angle    = 90;
