cam_pos      = [141.839, 461.923, -313.674]';
cam_dir      = [0.212973, -0.318635, 0.923642]';
cam_up       = [0.00552647, 0.945707, 0.324973]';
cam_lookat   = [0, 0, 1]';
cam_sky      = [0, 1, 0]';
cam_right    = [1.29947, 0.085261, -0.270217]';
cam_fpoint   = [0, 0, 10]';
cam_angle    = 90;
