cam_pos      = [125.921, 480.428, -282.22]';
cam_dir      = [0.502098, -0.291999, 0.814023]';
cam_up       = [-0.116332, 0.909913, 0.398151]';
cam_lookat   = [0, 0, 1]';
cam_sky      = [0, 1, 0]';
cam_right    = [1.13974, 0.391829, -0.562453]';
cam_fpoint   = [0, 0, 10]';
cam_angle    = 90;
