cam_pos      = [133.999, 470.702, -285.051]';
cam_dir      = [0.39756, -0.391458, 0.829883]';
cam_up       = [-0.0387502, 0.89646, 0.441426]';
cam_lookat   = [0, 0, 1]';
cam_sky      = [0, 1, 0]';
cam_right    = [1.21929, 0.276177, -0.453833]';
cam_fpoint   = [0, 0, 10]';
cam_angle    = 90;
