cam_pos      = [87.6175, 486.733, -278.752]';
cam_dir      = [0.326761, -0.3463, 0.879377]';
cam_up       = [0.0850013, 0.93745, 0.337584]';
cam_lookat   = [0, 0, 1]';
cam_sky      = [0, 1, 0]';
cam_right    = [1.2519, 0.0472963, -0.446558]';
cam_fpoint   = [0, 0, 10]';
cam_angle    = 90;
