cam_pos      = [149.872, 471.19, -312.039]';
cam_dir      = [0.202242, -0.296595, 0.933343]';
cam_up       = [-0.0431939, 0.949408, 0.31106]';
cam_lookat   = [0, 0, 1]';
cam_sky      = [0, 1, 0]';
cam_right    = [1.30125, 0.137288, -0.238335]';
cam_fpoint   = [0, 0, 10]';
cam_angle    = 90;
