cam_pos      = [101.947, 448.378, -312.326]';
cam_dir      = [0.290998, -0.539538, 0.790075]';
cam_up       = [0.0844454, 0.837075, 0.540531]';
cam_lookat   = [0, 0, 1]';
cam_sky      = [0, 1, 0]';
cam_right    = [1.26748, 0.120465, -0.384568]';
cam_fpoint   = [0, 0, 10]';
cam_angle    = 90;
