cam_pos      = [161.153, 440.94, -333.194]';
cam_dir      = [0.26059, -0.369358, 0.892002]';
cam_up       = [0.0581722, 0.928252, 0.367374]';
cam_lookat   = [0, 0, 1]';
cam_sky      = [0, 1, 0]';
cam_right    = [1.28171, 0.0583129, -0.350295]';
cam_fpoint   = [0, 0, 10]';
cam_angle    = 90;
