cam_pos      = [88.1475, 476.481, -270.75]';
cam_dir      = [0.367774, -0.380854, 0.848347]';
cam_up       = [0.104568, 0.923436, 0.369232]';
cam_lookat   = [0, 0, 1]';
cam_sky      = [0, 1, 0]';
cam_right    = [1.22894, 0.0626216, -0.504657]';
cam_fpoint   = [0, 0, 10]';
cam_angle    = 90;
