cam_pos      = [76.4738, 464.173, -290.206]';
cam_dir      = [0.00281928, -0.291744, 0.956492]';
cam_up       = [0.0278205, 0.956149, 0.291557]';
cam_lookat   = [0, 0, 1]';
cam_sky      = [0, 1, 0]';
cam_right    = [1.32948, -0.0342982, -0.0143801]';
cam_fpoint   = [0, 0, 10]';
cam_angle    = 90;
