cam_pos      = [78.567, 462.678, -292.52]';
cam_dir      = [0.00858812, -0.302083, 0.953243]';
cam_up       = [0.0293133, 0.952945, 0.301724]';
cam_lookat   = [0, 0, 1]';
cam_sky      = [0, 1, 0]';
cam_right    = [1.32938, -0.0337175, -0.022662]';
cam_fpoint   = [0, 0, 10]';
cam_angle    = 90;
