cam_pos      = [90.8688, 469.013, -291.396]';
cam_dir      = [0.045438, -0.281066, 0.958612]';
cam_up       = [0.00818211, 0.959676, 0.28099]';
cam_lookat   = [0, 0, 1]';
cam_sky      = [0, 1, 0]';
cam_right    = [1.32858, 0.00654912, -0.0610542]';
cam_fpoint   = [0, 0, 10]';
cam_angle    = 90;
