cam_pos      = [112.028, 452.679, -300.482]';
cam_dir      = [0.227971, -0.354158, 0.906974]';
cam_up       = [0.0808791, 0.935171, 0.344839]';
cam_lookat   = [0, 0, 1]';
cam_sky      = [0, 1, 0]';
cam_right    = [1.2905, 0.00699329, -0.321642]';
cam_fpoint   = [0, 0, 10]';
cam_angle    = 90;
