cam_pos      = [98.1096, 478.265, -282.992]';
cam_dir      = [0.260067, -0.424748, 0.867153]';
cam_up       = [0.141602, 0.905122, 0.400878]';
cam_lookat   = [0, 0, 1]';
cam_sky      = [0, 1, 0]';
cam_right    = [1.27035, -0.0246522, -0.393066]';
cam_fpoint   = [0, 0, 10]';
cam_angle    = 90;
