cam_pos      = [87.11, 442.047, -297.938]';
cam_dir      = [-0.00320215, -0.458403, 0.888739]';
cam_up       = [0.0407776, 0.887944, 0.45814]';
cam_lookat   = [0, 0, 1]';
cam_sky      = [0, 1, 0]';
cam_right    = [1.32889, -0.0501512, -0.0210794]';
cam_fpoint   = [0, 0, 10]';
cam_angle    = 90;
