cam_pos      = [132.707, 481.64, -311.697]';
cam_dir      = [0.272926, -0.367005, 0.88928]';
cam_up       = [-0.00183939, 0.924173, 0.38197]';
cam_lookat   = [0, 0, 1]';
cam_sky      = [0, 1, 0]';
cam_right    = [1.2795, 0.140827, -0.334569]';
cam_fpoint   = [0, 0, 10]';
cam_angle    = 90;
