cam_pos      = [105.873, 473.901, -288.981]';
cam_dir      = [0.306927, -0.452934, 0.837046]';
cam_up       = [0.077445, 0.888466, 0.452361]';
cam_lookat   = [0, 0, 1]';
cam_sky      = [0, 1, 0]';
cam_right    = [1.26161, 0.0984421, -0.409337]';
cam_fpoint   = [0, 0, 10]';
cam_angle    = 90;
