cam_pos      = [74.1362, 475.451, -269.379]';
cam_dir      = [0.26862, -0.403262, 0.87477]';
cam_up       = [0.139198, 0.914867, 0.379002]';
cam_lookat   = [0, 0, 1]';
cam_sky      = [0, 1, 0]';
cam_right    = [1.26767, -0.0265452, -0.401507]';
cam_fpoint   = [0, 0, 10]';
cam_angle    = 90;
