cam_pos      = [97.88, 483.872, -278.775]';
cam_dir      = [0.28745, -0.271801, 0.918421]';
cam_up       = [0.102901, 0.962104, 0.252522]';
cam_lookat   = [0, 0, 1]';
cam_sky      = [0, 1, 0]';
cam_right    = [1.2665, -0.0291521, -0.405018]';
cam_fpoint   = [0, 0, 10]';
cam_angle    = 90;
