cam_pos      = [68.5432, 449.115, -281.862]';
cam_dir      = [0.0570935, -0.33181, 0.941617]';
cam_up       = [0.104599, 0.939953, 0.324881]';
cam_lookat   = [0, 0, 1]';
cam_sky      = [0, 1, 0]';
cam_right    = [1.32052, -0.106325, -0.117535]';
cam_fpoint   = [0, 0, 10]';
cam_angle    = 90;
