cam_pos      = [135.456, 450.916, -313.725]';
cam_dir      = [0.243619, -0.32459, 0.913943]';
cam_up       = [-0.015129, 0.940948, 0.338214]';
cam_lookat   = [0, 0, 1]';
cam_sky      = [0, 1, 0]';
cam_right    = [1.28977, 0.127976, -0.298348]';
cam_fpoint   = [0, 0, 10]';
cam_angle    = 90;
