cam_pos      = [104.028, 462.827, -297.75]';
cam_dir      = [0.0878149, -0.297619, 0.950637]';
cam_up       = [0.00845674, 0.954512, 0.298051]';
cam_lookat   = [0, 0, 1]';
cam_sky      = [0, 1, 0]';
cam_right    = [1.32481, 0.0241182, -0.114829]';
cam_fpoint   = [0, 0, 10]';
cam_angle    = 90;
