cam_pos      = [121.081, 444.174, -318.453]';
cam_dir      = [0.186449, -0.375996, 0.907669]';
cam_up       = [0.0612908, 0.926522, 0.371215]';
cam_lookat   = [0, 0, 1]';
cam_sky      = [0, 1, 0]';
cam_right    = [1.30413, 0.0180626, -0.260406]';
cam_fpoint   = [0, 0, 10]';
cam_angle    = 90;
