cam_pos      = [123.32, 460.532, -303.174]';
cam_dir      = [0.112749, -0.318678, 0.941133]';
cam_up       = [-0.00791161, 0.946855, 0.321563]';
cam_lookat   = [0, 0, 1]';
cam_sky      = [0, 1, 0]';
cam_right    = [1.32148, 0.0581234, -0.138634]';
cam_fpoint   = [0, 0, 10]';
cam_angle    = 90;
