cam_pos      = [140.49, 455.838, -306.989]';
cam_dir      = [0.303529, -0.317984, 0.898196]';
cam_up       = [0.0273087, 0.945185, 0.325391]';
cam_lookat   = [0, 0, 1]';
cam_sky      = [0, 1, 0]';
cam_right    = [1.26673, 0.0987352, -0.393115]';
cam_fpoint   = [0, 0, 10]';
cam_angle    = 90;
