cam_pos      = [69.5351, 483.982, -269.656]';
cam_dir      = [0.305551, -0.404058, 0.862192]';
cam_up       = [0.135788, 0.914733, 0.380559]';
cam_lookat   = [0, 0, 1]';
cam_sky      = [0, 1, 0]';
cam_right    = [1.25345, -0.00105755, -0.444704]';
cam_fpoint   = [0, 0, 10]';
cam_angle    = 90;
