cam_pos      = [92.2344, 451.34, -289.811]';
cam_dir      = [0.420007, -0.474518, 0.773581]';
cam_up       = [0.106699, 0.872319, 0.477153]';
cam_lookat   = [0, 0, 1]';
cam_sky      = [0, 1, 0]';
cam_right    = [1.19863, 0.156763, -0.554623]';
cam_fpoint   = [0, 0, 10]';
cam_angle    = 90;
