cam_pos      = [98.5509, 445.492, -280.841]';
cam_dir      = [0.281578, -0.417529, 0.863935]';
cam_up       = [0.0620014, 0.906401, 0.417844]';
cam_lookat   = [0, 0, 1]';
cam_sky      = [0, 1, 0]';
cam_right    = [1.27352, 0.0852404, -0.373876]';
cam_fpoint   = [0, 0, 10]';
cam_angle    = 90;
