cam_pos      = [92.3277, 453.474, -290.243]';
cam_dir      = [0.227506, -0.365496, 0.902582]';
cam_up       = [0.0247475, 0.928758, 0.369858]';
cam_lookat   = [0, 0, 1]';
cam_sky      = [0, 1, 0]';
cam_right    = [1.2947, 0.0822052, -0.293056]';
cam_fpoint   = [0, 0, 10]';
cam_angle    = 90;
