cam_pos      = [170.211, 457.401, -316.684]';
cam_dir      = [0.220486, -0.29941, 0.928299]';
cam_up       = [-0.0153605, 0.950537, 0.310231]';
cam_lookat   = [0, 0, 1]';
cam_sky      = [0, 1, 0]';
cam_right    = [1.29711, 0.109939, -0.272625]';
cam_fpoint   = [0, 0, 10]';
cam_angle    = 90;
