cam_pos      = [75.6672, 463.632, -293.518]';
cam_dir      = [0.00536772, -0.299536, 0.95407]';
cam_up       = [0.0303696, 0.953692, 0.299247]';
cam_lookat   = [0, 0, 1]';
cam_sky      = [0, 1, 0]';
cam_right    = [1.32937, -0.0364001, -0.0189071]';
cam_fpoint   = [0, 0, 10]';
cam_angle    = 90;
