cam_pos      = [104.446, 437.413, -303.63]';
cam_dir      = [0.155525, -0.353039, 0.922592]';
cam_up       = [0.0457235, 0.935528, 0.350281]';
cam_lookat   = [0, 0, 1]';
cam_sky      = [0, 1, 0]';
cam_right    = [1.31241, 0.0163502, -0.214981]';
cam_fpoint   = [0, 0, 10]';
cam_angle    = 90;
