cam_pos      = [103.428, 485.828, -270.562]';
cam_dir      = [0.332346, -0.19946, 0.921825]';
cam_up       = [0.103885, 0.979177, 0.174416]';
cam_lookat   = [0, 0, 1]';
cam_sky      = [0, 1, 0]';
cam_right    = [1.24677, -0.0502707, -0.460374]';
cam_fpoint   = [0, 0, 10]';
cam_angle    = 90;
