cam_pos      = [87.8333, 448.057, -294.464]';
cam_dir      = [-0.00407934, -0.330427, 0.943823]';
cam_up       = [0.00355351, 0.94382, 0.330441]';
cam_lookat   = [0, 0, 1]';
cam_sky      = [0, 1, 0]';
cam_right    = [1.32998, -0.00625349, 0.00355907]';
cam_fpoint   = [0, 0, 10]';
cam_angle    = 90;
