cam_pos      = [92.6157, 451.575, -307.864]';
cam_dir      = [0.0481892, -0.46422, 0.884408]';
cam_up       = [0.0088509, 0.8856, 0.464364]';
cam_lookat   = [0, 0, 1]';
cam_sky      = [0, 1, 0]';
cam_right    = [1.3284, 0.0193508, -0.0622242]';
cam_fpoint   = [0, 0, 10]';
cam_angle    = 90;
