cam_pos      = [93.9777, 457.28, -294.993]';
cam_dir      = [0.0604136, -0.315992, 0.946836]';
cam_up       = [0.0420482, 0.948533, 0.313875]';
cam_lookat   = [0, 0, 1]';
cam_sky      = [0, 1, 0]';
cam_right    = [1.32639, -0.0277312, -0.0938863]';
cam_fpoint   = [0, 0, 10]';
cam_angle    = 90;
