cam_pos      = [109.056, 457.082, -297.775]';
cam_dir      = [0.178077, -0.363129, 0.914563]';
cam_up       = [-0.0115353, 0.928584, 0.370942]';
cam_lookat   = [0, 0, 1]';
cam_sky      = [0, 1, 0]';
cam_right    = [1.30865, 0.101886, -0.214357]';
cam_fpoint   = [0, 0, 10]';
cam_angle    = 90;
