cam_pos      = [112.213, 477.514, -288.31]';
cam_dir      = [0.396511, -0.339174, 0.853077]';
cam_up       = [-0.0239327, 0.925112, 0.378939]';
cam_lookat   = [0, 0, 1]';
cam_sky      = [0, 1, 0]';
cam_right    = [1.22056, 0.226991, -0.477071]';
cam_fpoint   = [0, 0, 10]';
cam_angle    = 90;
