cam_pos      = [96.9995, 451.734, -303.235]';
cam_dir      = [0.0613868, -0.459007, 0.886309]';
cam_up       = [0.0106414, 0.888235, 0.459267]';
cam_lookat   = [0, 0, 1]';
cam_sky      = [0, 1, 0]';
cam_right    = [1.32742, 0.0249527, -0.0790158]';
cam_fpoint   = [0, 0, 10]';
cam_angle    = 90;
