cam_pos      = [67.8396, 459.307, -291.091]';
cam_dir      = [-0.0348752, -0.295811, 0.95461]';
cam_up       = [0.0507695, 0.953433, 0.297301]';
cam_lookat   = [0, 0, 1]';
cam_sky      = [0, 1, 0]';
cam_right    = [1.32747, -0.0782486, 0.0242499]';
cam_fpoint   = [0, 0, 10]';
cam_angle    = 90;
