cam_pos      = [96.5534, 486.022, -311.464]';
cam_dir      = [0.157297, -0.33246, 0.929907]';
cam_up       = [0.0209026, 0.942539, 0.333441]';
cam_lookat   = [0, 0, 1]';
cam_sky      = [0, 1, 0]';
cam_right    = [1.31315, 0.0439056, -0.206427]';
cam_fpoint   = [0, 0, 10]';
cam_angle    = 90;
