cam_pos      = [90.6857, 459.45, -298.896]';
cam_dir      = [0.0676891, -0.318538, 0.94549]';
cam_up       = [0.0443786, 0.947687, 0.316101]';
cam_lookat   = [0, 0, 1]';
cam_sky      = [0, 1, 0]';
cam_right    = [1.32564, -0.0273487, -0.104118]';
cam_fpoint   = [0, 0, 10]';
cam_angle    = 90;
