cam_pos      = [102.251, 460.933, -308.399]';
cam_dir      = [0.294082, -0.532819, 0.793486]';
cam_up       = [0.102502, 0.842991, 0.528072]';
cam_lookat   = [0, 0, 1]';
cam_sky      = [0, 1, 0]';
cam_right    = [1.26386, 0.0983703, -0.402356]';
cam_fpoint   = [0, 0, 10]';
cam_angle    = 90;
