cam_pos      = [95.361, 478.831, -300.209]';
cam_dir      = [0.238782, -0.386954, 0.890646]';
cam_up       = [0.044702, 0.920584, 0.387977]';
cam_lookat   = [0, 0, 1]';
cam_sky      = [0, 1, 0]';
cam_right    = [1.29016, 0.0702615, -0.315366]';
cam_fpoint   = [0, 0, 10]';
cam_angle    = 90;
