cam_pos      = [88.1209, 468.739, -290.733]';
cam_dir      = [0.0382508, -0.279347, 0.959428]';
cam_up       = [0.0123682, 0.96019, 0.279075]';
cam_lookat   = [0, 0, 1]';
cam_sky      = [0, 1, 0]';
cam_right    = [1.32893, -0.00158475, -0.0534434]';
cam_fpoint   = [0, 0, 10]';
cam_angle    = 90;
