cam_pos      = [91.9215, 454.368, -296.136]';
cam_dir      = [-0.0172859, -0.461543, 0.886949]';
cam_up       = [-0.0118321, 0.887114, 0.461398]';
cam_lookat   = [0, 0, 1]';
cam_sky      = [0, 1, 0]';
cam_right    = [1.32971, 0.00334999, 0.0276581]';
cam_fpoint   = [0, 0, 10]';
cam_angle    = 90;
