cam_pos      = [101.963, 452.206, -300.217]';
cam_dir      = [0.0628606, -0.329311, 0.942127]';
cam_up       = [0.0165126, 0.944208, 0.328936]';
cam_lookat   = [0, 0, 1]';
cam_sky      = [0, 1, 0]';
cam_right    = [1.32719, 0.00680984, -0.0861723]';
cam_fpoint   = [0, 0, 10]';
cam_angle    = 90;
