cam_pos      = [105.06, 436.734, -305.353]';
cam_dir      = [0.309036, -0.514995, 0.799548]';
cam_up       = [0.0668959, 0.850388, 0.521886]';
cam_lookat   = [0, 0, 1]';
cam_sky      = [0, 1, 0]';
cam_right    = [1.26176, 0.143367, -0.395345]';
cam_fpoint   = [0, 0, 10]';
cam_angle    = 90;
