cam_pos      = [116.964, 454.838, -303.725]';
cam_dir      = [0.113, -0.323969, 0.939295]';
cam_up       = [0.0107663, 0.945694, 0.324881]';
cam_lookat   = [0, 0, 1]';
cam_sky      = [0, 1, 0]';
cam_right    = [1.3214, 0.0353764, -0.146767]';
cam_fpoint   = [0, 0, 10]';
cam_angle    = 90;
