cam_pos      = [129.424, 441.898, -315.62]';
cam_dir      = [0.125669, -0.333853, 0.934211]';
cam_up       = [0.0872993, 0.941744, 0.324802]';
cam_lookat   = [0, 0, 1]';
cam_sky      = [0, 1, 0]';
cam_right    = [1.31434, -0.0541821, -0.196166]';
cam_fpoint   = [0, 0, 10]';
cam_angle    = 90;
