cam_pos      = [117.908, 478.913, -310.472]';
cam_dir      = [0.177452, -0.473002, 0.863006]';
cam_up       = [-0.0751851, 0.867845, 0.491113]';
cam_lookat   = [0, 0, 1]';
cam_sky      = [0, 1, 0]';
cam_right    = [1.30507, 0.202205, -0.157523]';
cam_fpoint   = [0, 0, 10]';
cam_angle    = 90;
