cam_pos      = [121.76, 463.155, -308.694]';
cam_dir      = [0.140283, -0.315103, 0.938632]';
cam_up       = [0.0180522, 0.948663, 0.315772]';
cam_lookat   = [0, 0, 1]';
cam_sky      = [0, 1, 0]';
cam_right    = [1.31663, 0.0363796, -0.184564]';
cam_fpoint   = [0, 0, 10]';
cam_angle    = 90;
