cam_pos      = [98.7763, 429.265, -306.564]';
cam_dir      = [0.14043, -0.375187, 0.91625]';
cam_up       = [0.00801853, 0.925821, 0.377877]';
cam_lookat   = [0, 0, 1]';
cam_sky      = [0, 1, 0]';
cam_right    = [1.31678, 0.0608053, -0.176919]';
cam_fpoint   = [0, 0, 10]';
cam_angle    = 90;
