cam_pos      = [101.92, 477.373, -279.292]';
cam_dir      = [0.364997, -0.382316, 0.848889]';
cam_up       = [0.0680056, 0.920307, 0.385241]';
cam_lookat   = [0, 0, 1]';
cam_sky      = [0, 1, 0]';
cam_right    = [1.23493, 0.110234, -0.481339]';
cam_fpoint   = [0, 0, 10]';
cam_angle    = 90;
