cam_pos      = [110.53, 468.127, -286.064]';
cam_dir      = [0.208641, -0.61329, 0.761804]';
cam_up       = [0.560639, 0.713254, 0.420658]';
cam_lookat   = [0, 0, 1]';
cam_sky      = [0, 1, 0]';
cam_right    = [1.06579, -0.451309, -0.655222]';
cam_fpoint   = [0, 0, 10]';
cam_angle    = 90;
