cam_pos      = [160.759, 464.74, -315.433]';
cam_dir      = [0.220704, -0.269739, 0.9373]';
cam_up       = [-0.0134741, 0.960062, 0.279462]';
cam_lookat   = [0, 0, 1]';
cam_sky      = [0, 1, 0]';
cam_right    = [1.29708, 0.0988292, -0.276979]';
cam_fpoint   = [0, 0, 10]';
cam_angle    = 90;
