cam_pos      = [106.089, 465.265, -271.436]';
cam_dir      = [0.405045, -0.392041, 0.82598]';
cam_up       = [0.0878155, 0.915909, 0.391662]';
cam_lookat   = [0, 0, 1]';
cam_sky      = [0, 1, 0]';
cam_right    = [1.21039, 0.114522, -0.539198]';
cam_fpoint   = [0, 0, 10]';
cam_angle    = 90;
