cam_pos      = [106.827, 474.096, -283.808]';
cam_dir      = [0.307701, -0.50317, 0.807552]';
cam_up       = [0.132995, 0.863142, 0.487132]';
cam_lookat   = [0, 0, 1]';
cam_sky      = [0, 1, 0]';
cam_right    = [1.25305, 0.0565128, -0.442237]';
cam_fpoint   = [0, 0, 10]';
cam_angle    = 90;
