cam_pos      = [139.398, 462.291, -312.828]';
cam_dir      = [0.206398, -0.318558, 0.92516]';
cam_up       = [0.00589507, 0.945906, 0.324386]';
cam_lookat   = [0, 0, 1]';
cam_sky      = [0, 1, 0]';
cam_right    = [1.30134, 0.0817935, -0.262158]';
cam_fpoint   = [0, 0, 10]';
cam_angle    = 90;
