cam_pos      = [175.276, 451.361, -333.133]';
cam_dir      = [0.369769, -0.324699, 0.870541]';
cam_up       = [0.0363383, 0.941285, 0.33565]';
cam_lookat   = [0, 0, 1]';
cam_sky      = [0, 1, 0]';
cam_right    = [1.23479, 0.122997, -0.47861]';
cam_fpoint   = [0, 0, 10]';
cam_angle    = 90;
