cam_pos      = [125.89, 474.224, -271.959]';
cam_dir      = [0.487434, -0.321945, 0.81164]';
cam_up       = [-0.072749, 0.911338, 0.405181]';
cam_lookat   = [0, 0, 1]';
cam_sky      = [0, 1, 0]';
cam_right    = [1.15726, 0.341205, -0.559659]';
cam_fpoint   = [0, 0, 10]';
cam_angle    = 90;
