cam_pos      = [94.9504, 477.493, -299.96]';
cam_dir      = [0.0438245, -0.436693, 0.898542]';
cam_up       = [-0.0584913, 0.896742, 0.438671]';
cam_lookat   = [0, 0, 1]';
cam_sky      = [0, 1, 0]';
cam_right    = [1.32644, 0.0954693, -0.0182961]';
cam_fpoint   = [0, 0, 10]';
cam_angle    = 90;
