cam_pos      = [117.689, 474.828, -309.137]';
cam_dir      = [0.119249, -0.4857, 0.865953]';
cam_up       = [-0.062163, 0.866814, 0.494742]';
cam_lookat   = [0, 0, 1]';
cam_sky      = [0, 1, 0]';
cam_right    = [1.31792, 0.150061, -0.0973216]';
cam_fpoint   = [0, 0, 10]';
cam_angle    = 90;
