cam_pos      = [129.857, 478.583, -268.626]';
cam_dir      = [0.477162, -0.317971, 0.819275]';
cam_up       = [-0.0750965, 0.914086, 0.398506]';
cam_lookat   = [0, 0, 1]';
cam_sky      = [0, 1, 0]';
cam_right    = [1.16455, 0.33473, -0.548344]';
cam_fpoint   = [0, 0, 10]';
cam_angle    = 90;
