cam_pos      = [91, 465, -292]';
cam_dir      = [0.0496855, -0.285692, 0.957033]';
cam_up       = [0.00725319, 0.958294, 0.285692]';
cam_lookat   = [0, 0, 1]';
cam_sky      = [0, 1, 0]';
cam_right    = [1.32832, 0.00964677, -0.0660817]';
cam_fpoint   = [0, 0, 10]';
cam_angle    = 90;
