cam_pos      = [157.159, 442.776, -327.556]';
cam_dir      = [0.320311, -0.346846, 0.881532]';
cam_up       = [0.0861795, 0.937371, 0.337503]';
cam_lookat   = [0, 0, 1]';
cam_sky      = [0, 1, 0]';
cam_right    = [1.2547, 0.0427406, -0.439088]';
cam_fpoint   = [0, 0, 10]';
cam_angle    = 90;
