cam_pos      = [118.177, 458.7, -303.467]';
cam_dir      = [0.133037, -0.320092, 0.937999]';
cam_up       = [0.0226116, 0.947146, 0.320006]';
cam_lookat   = [0, 0, 1]';
cam_sky      = [0, 1, 0]';
cam_right    = [1.31783, 0.0284128, -0.177213]';
cam_fpoint   = [0, 0, 10]';
cam_angle    = 90;
