cam_pos      = [140.397, 457.852, -314.669]';
cam_dir      = [0.282821, -0.323423, 0.903001]';
cam_up       = [0.0407164, 0.944636, 0.325583]';
cam_lookat   = [0, 0, 1]';
cam_sky      = [0, 1, 0]';
cam_right    = [1.27455, 0.0735686, -0.372842]';
cam_fpoint   = [0, 0, 10]';
cam_angle    = 90;
