cam_pos      = [140.429, 469.506, -287.238]';
cam_dir      = [0.416863, -0.382164, 0.824728]';
cam_up       = [-0.0793532, 0.888557, 0.451851]';
cam_lookat   = [0, 0, 1]';
cam_sky      = [0, 1, 0]';
cam_right    = [1.20431, 0.337561, -0.452308]';
cam_fpoint   = [0, 0, 10]';
cam_angle    = 90;
