cam_pos      = [89.1734, 458.849, -291.175]';
cam_dir      = [0.215796, -0.356712, 0.908949]';
cam_up       = [0.0217942, 0.93241, 0.360745]';
cam_lookat   = [0, 0, 1]';
cam_sky      = [0, 1, 0]';
cam_right    = [1.29834, 0.0771899, -0.27795]';
cam_fpoint   = [0, 0, 10]';
cam_angle    = 90;
