cam_pos      = [68.7681, 454.572, -291.498]';
cam_dir      = [-0.0328391, -0.30809, 0.95079]';
cam_up       = [0.0435753, 0.949957, 0.309325]';
cam_lookat   = [0, 0, 1]';
cam_sky      = [0, 1, 0]';
cam_right    = [1.32802, -0.0686132, 0.0236349]';
cam_fpoint   = [0, 0, 10]';
cam_angle    = 90;
