cam_pos      = [74.247, 457.039, -289.675]';
cam_dir      = [0.0146582, -0.306064, 0.951898]';
cam_up       = [0.0671579, 0.950152, 0.304468]';
cam_lookat   = [0, 0, 1]';
cam_sky      = [0, 1, 0]';
cam_right    = [1.32685, -0.0790878, -0.0458612]';
cam_fpoint   = [0, 0, 10]';
cam_angle    = 90;
