cam_pos      = [134.461, 476.16, -309.353]';
cam_dir      = [0.282679, -0.366308, 0.886516]';
cam_up       = [0.0115762, 0.925446, 0.378702]';
cam_lookat   = [0, 0, 1]';
cam_sky      = [0, 1, 0]';
cam_right    = [1.27566, 0.128729, -0.353574]';
cam_fpoint   = [0, 0, 10]';
cam_angle    = 90;
