cam_pos      = [113.468, 458.384, -301.539]';
cam_dir      = [0.118325, -0.318251, 0.940593]';
cam_up       = [0.0264112, 0.947921, 0.317408]';
cam_lookat   = [0, 0, 1]';
cam_sky      = [0, 1, 0]';
cam_right    = [1.32019, 0.0169111, -0.160355]';
cam_fpoint   = [0, 0, 10]';
cam_angle    = 90;
