cam_pos      = [95.2415, 474.244, -300.528]';
cam_dir      = [0.277085, -0.460637, 0.84323]';
cam_up       = [0.0889097, 0.886119, 0.45485]';
cam_lookat   = [0, 0, 1]';
cam_sky      = [0, 1, 0]';
cam_right    = [1.27244, 0.0679109, -0.381025]';
cam_fpoint   = [0, 0, 10]';
cam_angle    = 90;
