cam_pos      = [134.627, 457.674, -309.717]';
cam_dir      = [0.176834, -0.316257, 0.932047]';
cam_up       = [0.0104132, 0.947519, 0.319531]';
cam_lookat   = [0, 0, 1]';
cam_sky      = [0, 1, 0]';
cam_right    = [1.30897, 0.0622419, -0.227227]';
cam_fpoint   = [0, 0, 10]';
cam_angle    = 90;
