cam_pos      = [96.5876, 477.414, -271.941]';
cam_dir      = [0.325814, -0.388123, 0.862094]';
cam_up       = [0.083687, 0.92011, 0.382614]';
cam_lookat   = [0, 0, 1]';
cam_sky      = [0, 1, 0]';
cam_right    = [1.25249, 0.0698451, -0.441914]';
cam_fpoint   = [0, 0, 10]';
cam_angle    = 90;
