cam_pos      = [104.276, 479.916, -265.507]';
cam_dir      = [0.342447, -0.349884, 0.871958]';
cam_up       = [0.10983, 0.936617, 0.332695]';
cam_lookat   = [0, 0, 1]';
cam_sky      = [0, 1, 0]';
cam_right    = [1.24102, 0.0241571, -0.477695]';
cam_fpoint   = [0, 0, 10]';
cam_angle    = 90;
