cam_pos      = [166.151, 463.075, -311.698]';
cam_dir      = [0.202765, -0.288944, 0.935627]';
cam_up       = [-0.038626, 0.952371, 0.302486]';
cam_lookat   = [0, 0, 1]';
cam_sky      = [0, 1, 0]';
cam_right    = [1.30136, 0.129639, -0.24199]';
cam_fpoint   = [0, 0, 10]';
cam_angle    = 90;
