cam_pos      = [127.881, 461.09, -308.689]';
cam_dir      = [0.124993, -0.294698, 0.947381]';
cam_up       = [-0.0194138, 0.95396, 0.299306]';
cam_lookat   = [0, 0, 1]';
cam_sky      = [0, 1, 0]';
cam_right    = [1.31932, 0.0742185, -0.150978]';
cam_fpoint   = [0, 0, 10]';
cam_angle    = 90;
