cam_pos      = [89.6873, 464.007, -296.784]';
cam_dir      = [0.0216364, -0.437903, 0.898762]';
cam_up       = [-0.0200963, 0.8986, 0.438308]';
cam_lookat   = [0, 0, 1]';
cam_sky      = [0, 1, 0]';
cam_right    = [1.32942, 0.0366351, -0.0141541]';
cam_fpoint   = [0, 0, 10]';
cam_angle    = 90;
