cam_pos      = [65.3543, 480.907, -284.549]';
cam_dir      = [0.255612, -0.378847, 0.889459]';
cam_up       = [0.10108, 0.925453, 0.36513]';
cam_lookat   = [0, 0, 1]';
cam_sky      = [0, 1, 0]';
cam_right    = [1.27877, 0.00455524, -0.365552]';
cam_fpoint   = [0, 0, 10]';
cam_angle    = 90;
