cam_pos      = [104.134, 470.641, -274.829]';
cam_dir      = [0.446195, -0.368597, 0.815504]';
cam_up       = [0.0163137, 0.914441, 0.40439]';
cam_lookat   = [0, 0, 1]';
cam_sky      = [0, 1, 0]';
cam_right    = [1.19007, 0.222287, -0.550663]';
cam_fpoint   = [0, 0, 10]';
cam_angle    = 90;
