cam_pos      = [105.886, 496.849, -314.947]';
cam_dir      = [0.263889, -0.303549, 0.915544]';
cam_up       = [0.0293824, 0.951279, 0.306928]';
cam_lookat   = [0, 0, 1]';
cam_sky      = [0, 1, 0]';
cam_right    = [1.28226, 0.0719452, -0.345735]';
cam_fpoint   = [0, 0, 10]';
cam_angle    = 90;
