cam_pos      = [140.36, 478.152, -280.443]';
cam_dir      = [0.484407, -0.288644, 0.825854]';
cam_up       = [-0.110139, 0.91637, 0.384883]';
cam_lookat   = [0, 0, 1]';
cam_sky      = [0, 1, 0]';
cam_right    = [1.15428, 0.368941, -0.5481]';
cam_fpoint   = [0, 0, 10]';
cam_angle    = 90;
