cam_pos      = [147.049, 471.626, -311.678]';
cam_dir      = [0.196836, -0.296671, 0.934474]';
cam_up       = [-0.0393827, 0.949959, 0.309882]';
cam_lookat   = [0, 0, 1]';
cam_sky      = [0, 1, 0]';
cam_right    = [1.30293, 0.130072, -0.233152]';
cam_fpoint   = [0, 0, 10]';
cam_angle    = 90;
