cam_pos      = [88.3206, 467.573, -292.7]';
cam_dir      = [0.209903, -0.346592, 0.914229]';
cam_up       = [0.0190432, 0.936332, 0.350599]';
cam_lookat   = [0, 0, 1]';
cam_sky      = [0, 1, 0]';
cam_right    = [1.30012, 0.0747221, -0.270175]';
cam_fpoint   = [0, 0, 10]';
cam_angle    = 90;
