cam_pos      = [118.022, 474.05, -265.114]';
cam_dir      = [0.471556, -0.414964, 0.7781]';
cam_up       = [0.0836769, 0.899438, 0.428963]';
cam_lookat   = [0, 0, 1]';
cam_sky      = [0, 1, 0]';
cam_right    = [1.16755, 0.182437, -0.610281]';
cam_fpoint   = [0, 0, 10]';
cam_angle    = 90;
