cam_pos      = [102.257, 471.228, -277.807]';
cam_dir      = [0.266054, -0.248143, 0.931472]';
cam_up       = [0.00579962, 0.966694, 0.255869]';
cam_lookat   = [0, 0, 1]';
cam_sky      = [0, 1, 0]';
cam_right    = [1.28204, 0.083355, -0.343981]';
cam_fpoint   = [0, 0, 10]';
cam_angle    = 90;
