cam_pos      = [65.9568, 464.139, -291.311]';
cam_dir      = [-0.0346985, -0.236729, 0.970956]';
cam_up       = [0.0825835, 0.967539, 0.238847]';
cam_lookat   = [0, 0, 1]';
cam_sky      = [0, 1, 0]';
cam_right    = [1.32465, -0.117669, 0.0186495]';
cam_fpoint   = [0, 0, 10]';
cam_angle    = 90;
