cam_pos      = [120.803, 442.487, -309.31]';
cam_dir      = [0.21359, -0.35255, 0.911092]';
cam_up       = [0.0323375, 0.934654, 0.354086]';
cam_lookat   = [0, 0, 1]';
cam_sky      = [0, 1, 0]';
cam_right    = [1.2986, 0.0614018, -0.280674]';
cam_fpoint   = [0, 0, 10]';
cam_angle    = 90;
