cam_pos      = [93.4821, 474.68, -268.281]';
cam_dir      = [0.389694, -0.374499, 0.841362]';
cam_up       = [0.0494449, 0.920776, 0.386946]';
cam_lookat   = [0, 0, 1]';
cam_sky      = [0, 1, 0]';
cam_right    = [1.22309, 0.145221, -0.50186]';
cam_fpoint   = [0, 0, 10]';
cam_angle    = 90;
