cam_pos      = [111.707, 473.15, -288.058]';
cam_dir      = [0.350807, -0.499642, 0.792018]';
cam_up       = [0.105503, 0.861471, 0.496726]';
cam_lookat   = [0, 0, 1]';
cam_sky      = [0, 1, 0]';
cam_right    = [1.23755, 0.120624, -0.472049]';
cam_fpoint   = [0, 0, 10]';
cam_angle    = 90;
