cam_pos      = [102.711, 494.155, -305.463]';
cam_dir      = [0.10528, -0.420201, 0.901303]';
cam_up       = [-0.112808, 0.895443, 0.430646]';
cam_lookat   = [0, 0, 1]';
cam_sky      = [0, 1, 0]';
cam_right    = [1.31407, 0.195527, -0.0623374]';
cam_fpoint   = [0, 0, 10]';
cam_angle    = 90;
