cam_pos      = [151.59, 463.792, -316.734]';
cam_dir      = [0.223361, -0.313292, 0.923016]';
cam_up       = [-0.00114177, 0.946855, 0.32166]';
cam_lookat   = [0, 0, 1]';
cam_sky      = [0, 1, 0]';
cam_right    = [1.2964, 0.0969573, -0.280807]';
cam_fpoint   = [0, 0, 10]';
cam_angle    = 90;
