cam_pos      = [84.6707, 486.515, -272.571]';
cam_dir      = [0.327474, -0.362415, 0.872592]';
cam_up       = [0.0544402, 0.929217, 0.365502]';
cam_lookat   = [0, 0, 1]';
cam_sky      = [0, 1, 0]';
cam_right    = [1.25458, 0.0960107, -0.430952]';
cam_fpoint   = [0, 0, 10]';
cam_angle    = 90;
