cam_pos      = [91.2025, 458.694, -292.53]';
cam_dir      = [0.13828, -0.282525, 0.949241]';
cam_up       = [0.0644927, 0.958983, 0.27603]';
cam_lookat   = [0, 0, 1]';
cam_sky      = [0, 1, 0]';
cam_right    = [1.31443, -0.0306561, -0.200603]';
cam_fpoint   = [0, 0, 10]';
cam_angle    = 90;
