cam_pos      = [85.7386, 434.051, -296.874]';
cam_dir      = [0.0799333, -0.337782, 0.937824]';
cam_up       = [0.0451384, 0.941096, 0.335113]';
cam_lookat   = [0, 0, 1]';
cam_sky      = [0, 1, 0]';
cam_right    = [1.32438, -0.0206751, -0.120327]';
cam_fpoint   = [0, 0, 10]';
cam_angle    = 90;
