cam_pos      = [85.5899, 471.154, -276.592]';
cam_dir      = [-0.0832602, -0.366883, 0.926534]';
cam_up       = [-0.00381439, 0.929873, 0.367862]';
cam_lookat   = [0, 0, 1]';
cam_sky      = [0, 1, 0]';
cam_right    = [1.32537, -0.0360352, 0.104832]';
cam_fpoint   = [0, 0, 10]';
cam_angle    = 90;
