cam_pos      = [107.101, 474.481, -288.703]';
cam_dir      = [0.311013, -0.429562, 0.84779]';
cam_up       = [0.0406526, 0.897226, 0.439697]';
cam_lookat   = [0, 0, 1]';
cam_sky      = [0, 1, 0]';
cam_right    = [1.26288, 0.136042, -0.394361]';
cam_fpoint   = [0, 0, 10]';
cam_angle    = 90;
