cam_pos      = [131.503, 488.442, -328.06]';
cam_dir      = [0.257175, -0.490795, 0.832455]';
cam_up       = [-0.072363, 0.84923, 0.523041]';
cam_lookat   = [0, 0, 1]';
cam_sky      = [0, 1, 0]';
cam_right    = [1.28166, 0.25902, -0.243237]';
cam_fpoint   = [0, 0, 10]';
cam_angle    = 90;
