cam_pos      = [151.577, 467.418, -310.956]';
cam_dir      = [0.191149, -0.261987, 0.945952]';
cam_up       = [-0.023865, 0.962196, 0.271309]';
cam_lookat   = [0, 0, 1]';
cam_sky      = [0, 1, 0]';
cam_right    = [1.30509, 0.0989992, -0.236302]';
cam_fpoint   = [0, 0, 10]';
cam_angle    = 90;
