cam_pos      = [97.9876, 477.925, -284.743]';
cam_dir      = [0.28471, -0.428209, 0.857658]';
cam_up       = [0.105537, 0.903249, 0.415937]';
cam_lookat   = [0, 0, 1]';
cam_sky      = [0, 1, 0]';
cam_right    = [1.26721, 0.0371159, -0.402133]';
cam_fpoint   = [0, 0, 10]';
cam_angle    = 90;
