cam_pos      = [110.827, 436.654, -282.502]';
cam_dir      = [0.366787, -0.41981, 0.830197]';
cam_up       = [0.0404881, 0.89875, 0.436588]';
cam_lookat   = [0, 0, 1]';
cam_sky      = [0, 1, 0]';
cam_right    = [1.23613, 0.168274, -0.461041]';
cam_fpoint   = [0, 0, 10]';
cam_angle    = 90;
