cam_pos      = [99.5347, 459.295, -296.919]';
cam_dir      = [0.0726339, -0.305548, 0.949402]';
cam_up       = [0.00661836, 0.952043, 0.305892]';
cam_lookat   = [0, 0, 1]';
cam_sky      = [0, 1, 0]';
cam_right    = [1.32646, 0.021193, -0.0946598]';
cam_fpoint   = [0, 0, 10]';
cam_angle    = 90;
