cam_pos      = [106.213, 478.272, -269.937]';
cam_dir      = [0.428071, -0.330502, 0.841144]';
cam_up       = [-0.00801856, 0.929306, 0.369223]';
cam_lookat   = [0, 0, 1]';
cam_sky      = [0, 1, 0]';
cam_right    = [1.20193, 0.219183, -0.525561]';
cam_fpoint   = [0, 0, 10]';
cam_angle    = 90;
