cam_pos      = [121.097, 441.108, -311.307]';
cam_dir      = [0.202536, -0.351633, 0.913966]';
cam_up       = [-0.00795507, 0.932687, 0.360599]';
cam_lookat   = [0, 0, 1]';
cam_sky      = [0, 1, 0]';
cam_right    = [1.30239, 0.106805, -0.24752]';
cam_fpoint   = [0, 0, 10]';
cam_angle    = 90;
