cam_pos      = [93.9475, 459.487, -311.66]';
cam_dir      = [0.138024, -0.278855, 0.950363]';
cam_up       = [-0.0160948, 0.958788, 0.283665]';
cam_lookat   = [0, 0, 1]';
cam_sky      = [0, 1, 0]';
cam_right    = [1.3171, 0.0724165, -0.170038]';
cam_fpoint   = [0, 0, 10]';
cam_angle    = 90;
