cam_pos      = [117.481, 476.759, -277.348]';
cam_dir      = [0.40525, -0.323998, 0.854867]';
cam_up       = [-0.0538383, 0.925012, 0.376105]';
cam_lookat   = [0, 0, 1]';
cam_sky      = [0, 1, 0]';
cam_right    = [1.21378, 0.263927, -0.475366]';
cam_fpoint   = [0, 0, 10]';
cam_angle    = 90;
