cam_pos      = [73.2688, 486.154, -276.676]';
cam_dir      = [0.308329, -0.371373, 0.875794]';
cam_up       = [0.119532, 0.928476, 0.35163]';
cam_lookat   = [0, 0, 1]';
cam_sky      = [0, 1, 0]';
cam_right    = [1.25517, 0.00496415, -0.439787]';
cam_fpoint   = [0, 0, 10]';
cam_angle    = 90;
