cam_pos      = [71.1503, 457.627, -289.5]';
cam_dir      = [0.0029438, -0.305894, 0.952061]';
cam_up       = [0.0671688, 0.949976, 0.305016]';
cam_lookat   = [0, 0, 1]';
cam_sky      = [0, 1, 0]';
cam_right    = [1.32699, -0.0838577, -0.0310463]';
cam_fpoint   = [0, 0, 10]';
cam_angle    = 90;
