cam_pos      = [111.693, 470.142, -269.949]';
cam_dir      = [0.414623, -0.392403, 0.82104]';
cam_up       = [0.062671, 0.91242, 0.404428]';
cam_lookat   = [0, 0, 1]';
cam_sky      = [0, 1, 0]';
cam_right    = [1.20742, 0.154586, -0.535861]';
cam_fpoint   = [0, 0, 10]';
cam_angle    = 90;
