cam_pos      = [156.685, 438.817, -333.26]';
cam_dir      = [0.251965, -0.379318, 0.890298]';
cam_up       = [0.063784, 0.924489, 0.375834]';
cam_lookat   = [0, 0, 1]';
cam_sky      = [0, 1, 0]';
cam_right    = [1.28429, 0.0504206, -0.341987]';
cam_fpoint   = [0, 0, 10]';
cam_angle    = 90;
