cam_pos      = [99.458, 461.662, -284.032]';
cam_dir      = [0.256459, -0.287312, 0.922865]';
cam_up       = [-0.0035209, 0.954515, 0.298144]';
cam_lookat   = [0, 0, 1]';
cam_sky      = [0, 1, 0]';
cam_right    = [1.28551, 0.106015, -0.32423]';
cam_fpoint   = [0, 0, 10]';
cam_angle    = 90;
