cam_pos      = [163.094, 465.195, -309.17]';
cam_dir      = [0.195782, -0.285464, 0.938179]';
cam_up       = [-0.0485219, 0.952702, 0.300008]';
cam_lookat   = [0, 0, 1]';
cam_sky      = [0, 1, 0]';
cam_right    = [1.30266, 0.138664, -0.229652]';
cam_fpoint   = [0, 0, 10]';
cam_angle    = 90;
