cam_pos      = [97.4782, 485.575, -273.727]';
cam_dir      = [0.364244, -0.341315, 0.866505]';
cam_up       = [0.000816335, 0.930538, 0.366195]';
cam_lookat   = [0, 0, 1]';
cam_sky      = [0, 1, 0]';
cam_right    = [1.23863, 0.17646, -0.451165]';
cam_fpoint   = [0, 0, 10]';
cam_angle    = 90;
