cam_pos      = [117.096, 470.033, -291.637]';
cam_dir      = [0.436286, -0.35884, 0.82516]';
cam_up       = [-0.0698969, 0.900753, 0.42867]';
cam_lookat   = [0, 0, 1]';
cam_sky      = [0, 1, 0]';
cam_right    = [1.19313, 0.32545, -0.489312]';
cam_fpoint   = [0, 0, 10]';
cam_angle    = 90;
