cam_pos      = [75.5622, 472.056, -280.894]';
cam_dir      = [-0.0372469, -0.326937, 0.944312]';
cam_up       = [0.0390813, 0.943768, 0.32829]';
cam_lookat   = [0, 0, 1]';
cam_sky      = [0, 1, 0]';
cam_right    = [1.32806, -0.0653465, 0.0297591]';
cam_fpoint   = [0, 0, 10]';
cam_angle    = 90;
