cam_pos      = [178.796, 462.659, -325.73]';
cam_dir      = [0.394779, -0.288631, 0.872262]';
cam_up       = [0.00895523, 0.950538, 0.310479]';
cam_lookat   = [0, 0, 1]';
cam_sky      = [0, 1, 0]';
cam_right    = [1.22191, 0.152629, -0.502523]';
cam_fpoint   = [0, 0, 10]';
cam_angle    = 90;
