cam_pos      = [131.535, 459.434, -309.399]';
cam_dir      = [0.170201, -0.326314, 0.929812]';
cam_up       = [0.0159476, 0.944368, 0.328503]';
cam_lookat   = [0, 0, 1]';
cam_sky      = [0, 1, 0]';
cam_right    = [1.31042, 0.0546408, -0.220695]';
cam_fpoint   = [0, 0, 10]';
cam_angle    = 90;
