cam_pos      = [82.7552, 481.17, -278.074]';
cam_dir      = [0.267217, -0.388913, 0.88167]';
cam_up       = [0.124862, 0.921201, 0.368508]';
cam_lookat   = [0, 0, 1]';
cam_sky      = [0, 1, 0]';
cam_right    = [1.27083, -0.0154487, -0.391979]';
cam_fpoint   = [0, 0, 10]';
cam_angle    = 90;
