cam_pos      = [92.9603, 470.309, -296.522]';
cam_dir      = [0.0370588, -0.417522, 0.907911]';
cam_up       = [0.00198886, 0.908564, 0.417741]';
cam_lookat   = [0, 0, 1]';
cam_sky      = [0, 1, 0]';
cam_right    = [1.32908, 0.0181881, -0.0458859]';
cam_fpoint   = [0, 0, 10]';
cam_angle    = 90;
