cam_pos      = [98.8413, 464.766, -301.875]';
cam_dir      = [0.0721758, -0.306869, 0.949011]';
cam_up       = [0.0213079, 0.95175, 0.306134]';
cam_lookat   = [0, 0, 1]';
cam_sky      = [0, 1, 0]';
cam_right    = [1.32623, 0.00249247, -0.100059]';
cam_fpoint   = [0, 0, 10]';
cam_angle    = 90;
