cam_pos      = [71.8854, 452.334, -290.206]';
cam_dir      = [0.0762868, -0.309427, 0.947858]';
cam_up       = [0.0441854, 0.950744, 0.306813]';
cam_lookat   = [0, 0, 1]';
cam_sky      = [0, 1, 0]';
cam_right    = [1.32482, -0.0245727, -0.114648]';
cam_fpoint   = [0, 0, 10]';
cam_angle    = 90;
