cam_pos      = [132.757, 482.152, -307.964]';
cam_dir      = [0.151304, -0.453634, 0.87825]';
cam_up       = [-0.0732616, 0.880889, 0.467619]';
cam_lookat   = [0, 0, 1]';
cam_sky      = [0, 1, 0]';
cam_right    = [1.31107, 0.179676, -0.133064]';
cam_fpoint   = [0, 0, 10]';
cam_angle    = 90;
