cam_pos      = [119.116, 475.959, -280.129]';
cam_dir      = [0.565346, -0.282414, 0.775001]';
cam_up       = [-0.0715202, 0.91924, 0.387147]';
cam_lookat   = [0, 0, 1]';
cam_sky      = [0, 1, 0]';
cam_right    = [1.09292, 0.364819, -0.664322]';
cam_fpoint   = [0, 0, 10]';
cam_angle    = 90;
