cam_pos      = [104.313, 451.709, -277.308]';
cam_dir      = [0.435867, -0.477795, 0.762713]';
cam_up       = [0.0706454, 0.862997, 0.500245]';
cam_lookat   = [0, 0, 1]';
cam_sky      = [0, 1, 0]';
cam_right    = [1.19332, 0.21833, -0.545175]';
cam_fpoint   = [0, 0, 10]';
cam_angle    = 90;
