cam_pos      = [91.2852, 459.265, -288.437]';
cam_dir      = [0.342777, -0.45668, 0.820943]';
cam_up       = [0.0969437, 0.886416, 0.452624]';
cam_lookat   = [0, 0, 1]';
cam_sky      = [0, 1, 0]';
cam_right    = [1.24275, 0.1005, -0.462993]';
cam_fpoint   = [0, 0, 10]';
cam_angle    = 90;
