cam_pos      = [130.301, 479.659, -317.072]';
cam_dir      = [0.162466, -0.4964, 0.852755]';
cam_up       = [-0.0759515, 0.855382, 0.512399]';
cam_lookat   = [0, 0, 1]';
cam_sky      = [0, 1, 0]';
cam_right    = [1.30844, 0.19686, -0.134686]';
cam_fpoint   = [0, 0, 10]';
cam_angle    = 90;
