cam_pos      = [105.452, 440.914, -282.209]';
cam_dir      = [0.377538, -0.511119, 0.772154]';
cam_up       = [0.0966641, 0.851063, 0.516089]';
cam_lookat   = [0, 0, 1]';
cam_sky      = [0, 1, 0]';
cam_right    = [1.22484, 0.159871, -0.493051]';
cam_fpoint   = [0, 0, 10]';
cam_angle    = 90;
