cam_pos      = [129.165, 478.239, -267.838]';
cam_dir      = [0.505073, -0.31894, 0.801984]';
cam_up       = [-0.0167908, 0.925409, 0.378599]';
cam_lookat   = [0, 0, 1]';
cam_sky      = [0, 1, 0]';
cam_right    = [1.14767, 0.272232, -0.614519]';
cam_fpoint   = [0, 0, 10]';
cam_angle    = 90;
