cam_pos      = [103.998, 483.676, -271.254]';
cam_dir      = [0.396636, -0.3345, 0.854862]';
cam_up       = [0.0198305, 0.934152, 0.356324]';
cam_lookat   = [0, 0, 1]';
cam_sky      = [0, 1, 0]';
cam_right    = [1.22062, 0.165424, -0.501611]';
cam_fpoint   = [0, 0, 10]';
cam_angle    = 90;
