cam_pos      = [99.8747, 488.212, -268.396]';
cam_dir      = [0.373697, -0.352939, 0.857779]';
cam_up       = [0.106572, 0.934991, 0.33828]';
cam_lookat   = [0, 0, 1]';
cam_sky      = [0, 1, 0]';
cam_right    = [1.22547, 0.0465487, -0.514733]';
cam_fpoint   = [0, 0, 10]';
cam_angle    = 90;
