cam_pos      = [140.922, 467.304, -305.404]';
cam_dir      = [0.300158, -0.285941, 0.910024]';
cam_up       = [0.0263959, 0.956138, 0.291725]';
cam_lookat   = [0, 0, 1]';
cam_sky      = [0, 1, 0]';
cam_right    = [1.26819, 0.0845117, -0.391738]';
cam_fpoint   = [0, 0, 10]';
cam_angle    = 90;
