cam_pos      = [60.0606, 455.752, -295.069]';
cam_dir      = [-0.0548684, -0.273072, 0.960428]';
cam_up       = [0.052403, 0.959763, 0.275877]';
cam_lookat   = [0, 0, 1]';
cam_sky      = [0, 1, 0]';
cam_right    = [1.32617, -0.08707, 0.0510067]';
cam_fpoint   = [0, 0, 10]';
cam_angle    = 90;
