cam_pos      = [99.1358, 473.167, -270.401]';
cam_dir      = [0.292319, -0.391579, 0.872477]';
cam_up       = [0.0783232, 0.919064, 0.386247]';
cam_lookat   = [0, 0, 1]';
cam_sky      = [0, 1, 0]';
cam_right    = [1.26763, 0.0592808, -0.398109]';
cam_fpoint   = [0, 0, 10]';
cam_angle    = 90;
