cam_pos      = [72.4109, 464.214, -277.347]';
cam_dir      = [-0.122169, -0.382108, 0.916007]';
cam_up       = [0.00803538, 0.922509, 0.385892]';
cam_lookat   = [0, 0, 1]';
cam_sky      = [0, 1, 0]';
cam_right    = [1.31999, -0.072491, 0.145811]';
cam_fpoint   = [0, 0, 10]';
cam_angle    = 90;
