cam_pos      = [154.004, 463.841, -317.255]';
cam_dir      = [0.230354, -0.310662, 0.922186]';
cam_up       = [-0.00307617, 0.947434, 0.319936]';
cam_lookat   = [0, 0, 1]';
cam_sky      = [0, 1, 0]';
cam_right    = [1.29423, 0.101792, -0.288996]';
cam_fpoint   = [0, 0, 10]';
cam_angle    = 90;
