cam_pos      = [92.8607, 468.668, -281.418]';
cam_dir      = [0.122123, -0.307283, 0.943749]';
cam_up       = [0.0123723, 0.951264, 0.308129]';
cam_lookat   = [0, 0, 1]';
cam_sky      = [0, 1, 0]';
cam_right    = [1.31994, 0.0345179, -0.159564]';
cam_fpoint   = [0, 0, 10]';
cam_angle    = 90;
