cam_pos      = [142.21, 482.1, -316.453]';
cam_dir      = [0.306148, -0.362884, 0.880107]';
cam_up       = [-0.00764856, 0.92353, 0.383449]';
cam_lookat   = [0, 0, 1]';
cam_sky      = [0, 1, 0]';
cam_right    = [1.2661, 0.165085, -0.372348]';
cam_fpoint   = [0, 0, 10]';
cam_angle    = 90;
