cam_pos      = [102.486, 473.968, -274.337]';
cam_dir      = [0.39129, -0.393206, 0.832034]';
cam_up       = [0.0814002, 0.915367, 0.394307]';
cam_lookat   = [0, 0, 1]';
cam_sky      = [0, 1, 0]';
cam_right    = [1.21916, 0.115125, -0.518941]';
cam_fpoint   = [0, 0, 10]';
cam_angle    = 90;
