cam_pos      = [101.786, 471.88, -275.873]';
cam_dir      = [0.375242, -0.39505, 0.838528]';
cam_up       = [0.11072, 0.917258, 0.382595]';
cam_lookat   = [0, 0, 1]';
cam_sky      = [0, 1, 0]';
cam_right    = [1.22399, 0.0674625, -0.515952]';
cam_fpoint   = [0, 0, 10]';
cam_angle    = 90;
