cam_pos      = [75.5025, 484.672, -272.798]';
cam_dir      = [0.295608, -0.414193, 0.860849]';
cam_up       = [0.145821, 0.910124, 0.387828]';
cam_lookat   = [0, 0, 1]';
cam_sky      = [0, 1, 0]';
cam_right    = [1.25567, -0.0144768, -0.438153]';
cam_fpoint   = [0, 0, 10]';
cam_angle    = 90;
