cam_pos      = [88.3207, 473.491, -282.262]';
cam_dir      = [-0.0469705, -0.354969, 0.933697]';
cam_up       = [-0.0106234, 0.934854, 0.354874]';
cam_lookat   = [0, 0, 1]';
cam_sky      = [0, 1, 0]';
cam_right    = [1.32846, -0.00897693, 0.0634164]';
cam_fpoint   = [0, 0, 10]';
cam_angle    = 90;
