cam_pos      = [76.3837, 456.28, -292.095]';
cam_dir      = [0.00090421, -0.308839, 0.951114]';
cam_up       = [0.0323293, 0.950626, 0.30865]';
cam_lookat   = [0, 0, 1]';
cam_sky      = [0, 1, 0]';
cam_right    = [1.3293, -0.0405248, -0.0144227]';
cam_fpoint   = [0, 0, 10]';
cam_angle    = 90;
