cam_pos      = [63.5842, 445.706, -301.037]';
cam_dir      = [-0.0489624, -0.314352, 0.948043]';
cam_up       = [0.0391938, 0.947846, 0.316311]';
cam_lookat   = [0, 0, 1]';
cam_sky      = [0, 1, 0]';
cam_right    = [1.32738, -0.0700176, 0.0453373]';
cam_fpoint   = [0, 0, 10]';
cam_angle    = 90;
