cam_pos      = [92.7674, 464.851, -298.969]';
cam_dir      = [0.04726, -0.25659, 0.965364]';
cam_up       = [0.0743995, 0.964664, 0.252762]';
cam_lookat   = [0, 0, 1]';
cam_sky      = [0, 1, 0]';
cam_right    = [1.32482, -0.0796365, -0.0860247]';
cam_fpoint   = [0, 0, 10]';
cam_angle    = 90;
