cam_pos      = [133.201, 448.949, -320.198]';
cam_dir      = [0.277342, -0.277327, 0.919876]';
cam_up       = [-0.0191827, 0.955645, 0.293895]';
cam_lookat   = [0, 0, 1]';
cam_sky      = [0, 1, 0]';
cam_right    = [1.27757, 0.131876, -0.345429]';
cam_fpoint   = [0, 0, 10]';
cam_angle    = 90;
