cam_pos      = [102.829, 473.693, -272.695]';
cam_dir      = [0.416064, -0.382665, 0.824899]';
cam_up       = [0.0364553, 0.913435, 0.405349]';
cam_lookat   = [0, 0, 1]';
cam_sky      = [0, 1, 0]';
cam_right    = [1.20844, 0.18431, -0.524017]';
cam_fpoint   = [0, 0, 10]';
cam_angle    = 90;
