cam_pos      = [106.904, 453.147, -301.248]';
cam_dir      = [0.0734846, -0.326562, 0.942315]';
cam_up       = [0.0115387, 0.945085, 0.326622]';
cam_lookat   = [0, 0, 1]';
cam_sky      = [0, 1, 0]';
cam_right    = [1.32632, 0.017461, -0.0973789]';
cam_fpoint   = [0, 0, 10]';
cam_angle    = 90;
