cam_pos      = [140.076, 437.859, -319.169]';
cam_dir      = [0.151275, -0.341525, 0.927619]';
cam_up       = [0.087178, 0.939371, 0.331635]';
cam_lookat   = [0, 0, 1]';
cam_sky      = [0, 1, 0]';
cam_right    = [1.30957, -0.0408307, -0.228596]';
cam_fpoint   = [0, 0, 10]';
cam_angle    = 90;
