cam_pos      = [113.708, 485.53, -279.835]';
cam_dir      = [0.459627, -0.319251, 0.828747]';
cam_up       = [-0.0701926, 0.917178, 0.392246]';
cam_lookat   = [0, 0, 1]';
cam_sky      = [0, 1, 0]';
cam_right    = [1.17749, 0.31715, -0.530871]';
cam_fpoint   = [0, 0, 10]';
cam_angle    = 90;
