cam_pos      = [132.142, 443.765, -304.068]';
cam_dir      = [0.248146, -0.320125, 0.914299]';
cam_up       = [0.0601954, 0.947091, 0.315269]';
cam_lookat   = [0, 0, 1]';
cam_sky      = [0, 1, 0]';
cam_right    = [1.28591, 0.0308508, -0.338202]';
cam_fpoint   = [0, 0, 10]';
cam_angle    = 90;
