cam_pos      = [146.103, 467.247, -309.777]';
cam_dir      = [0.171774, -0.266121, 0.948511]';
cam_up       = [-0.0264799, 0.961227, 0.274484]';
cam_lookat   = [0, 0, 1]';
cam_sky      = [0, 1, 0]';
cam_right    = [1.30976, 0.0961134, -0.210229]';
cam_fpoint   = [0, 0, 10]';
cam_angle    = 90;
