cam_pos      = [71.3713, 404.525, -298.768]';
cam_dir      = [0.0541009, -0.306213, 0.950425]';
cam_up       = [0.114596, 0.947434, 0.298726]';
cam_lookat   = [0, 0, 1]';
cam_sky      = [0, 1, 0]';
cam_right    = [1.31928, -0.123362, -0.114843]';
cam_fpoint   = [0, 0, 10]';
cam_angle    = 90;
