cam_pos      = [86.8863, 471.768, -292.869]';
cam_dir      = [0.151578, -0.472698, 0.86809]';
cam_up       = [-0.0573899, 0.872548, 0.485146]';
cam_lookat   = [0, 0, 1]';
cam_sky      = [0, 1, 0]';
cam_right    = [1.31241, 0.164065, -0.139824]';
cam_fpoint   = [0, 0, 10]';
cam_angle    = 90;
