cam_pos      = [47.0854, 439.034, -284.242]';
cam_dir      = [-0.0500244, -0.253072, 0.966153]';
cam_up       = [0.0626651, 0.964663, 0.255926]';
cam_lookat   = [0, 0, 1]';
cam_sky      = [0, 1, 0]';
cam_right    = [1.32572, -0.0975511, 0.0430892]';
cam_fpoint   = [0, 0, 10]';
cam_angle    = 90;
