cam_pos      = [137.533, 485.271, -309.968]';
cam_dir      = [0.172191, -0.428034, 0.887208]';
cam_up       = [-0.0726881, 0.892684, 0.444783]';
cam_lookat   = [0, 0, 1]';
cam_sky      = [0, 1, 0]';
cam_right    = [1.30656, 0.187632, -0.163057]';
cam_fpoint   = [0, 0, 10]';
cam_angle    = 90;
