cam_pos      = [73.1113, 453.05, -281.731]';
cam_dir      = [0.0271664, -0.321857, 0.946398]';
cam_up       = [0.0401914, 0.946334, 0.320681]';
cam_lookat   = [0, 0, 1]';
cam_sky      = [0, 1, 0]';
cam_right    = [1.32843, -0.0390026, -0.0513971]';
cam_fpoint   = [0, 0, 10]';
cam_angle    = 90;
