cam_pos      = [112.639, 462.903, -291.942]';
cam_dir      = [0.367229, -0.482707, 0.79507]';
cam_up       = [0.0065235, 0.85611, 0.516753]';
cam_lookat   = [0, 0, 1]';
cam_sky      = [0, 1, 0]';
cam_right    = [1.23704, 0.245491, -0.422324]';
cam_fpoint   = [0, 0, 10]';
cam_angle    = 90;
