cam_pos      = [97.0593, 446.655, -290.42]';
cam_dir      = [0.3924, -0.453581, 0.800179]';
cam_up       = [0.0798955, 0.883474, 0.461617]';
cam_lookat   = [0, 0, 1]';
cam_sky      = [0, 1, 0]';
cam_right    = [1.2187, 0.155887, -0.509276]';
cam_fpoint   = [0, 0, 10]';
cam_angle    = 90;
