cam_pos      = [117.872, 482.731, -268.431]';
cam_dir      = [0.458653, -0.310749, 0.83251]';
cam_up       = [-0.0313697, 0.930616, 0.364651]';
cam_lookat   = [0, 0, 1]';
cam_sky      = [0, 1, 0]';
cam_right    = [1.18112, 0.257174, -0.554719]';
cam_fpoint   = [0, 0, 10]';
cam_angle    = 90;
