cam_pos      = [168.575, 455.066, -325.195]';
cam_dir      = [0.262404, -0.309382, 0.914017]';
cam_up       = [0.01266, 0.948231, 0.317329]';
cam_lookat   = [0, 0, 1]';
cam_sky      = [0, 1, 0]';
cam_right    = [1.28328, 0.0953567, -0.336139]';
cam_fpoint   = [0, 0, 10]';
cam_angle    = 90;
