cam_pos      = [107.534, 475.802, -296.774]';
cam_dir      = [0.0995259, -0.391634, 0.914723]';
cam_up       = [-0.0304776, 0.917656, 0.396206]';
cam_lookat   = [0, 0, 1]';
cam_sky      = [0, 1, 0]';
cam_right    = [1.32278, 0.089524, -0.105595]';
cam_fpoint   = [0, 0, 10]';
cam_angle    = 90;
