cam_pos      = [130.066, 460.875, -306.131]';
cam_dir      = [0.25091, -0.312829, 0.916069]';
cam_up       = [0.0382094, 0.948805, 0.313543]';
cam_lookat   = [0, 0, 1]';
cam_sky      = [0, 1, 0]';
cam_right    = [1.28645, 0.0580791, -0.332524]';
cam_fpoint   = [0, 0, 10]';
cam_angle    = 90;
