cam_pos      = [67.0569, 434.168, -298.298]';
cam_dir      = [0.052743, -0.304134, 0.951168]';
cam_up       = [0.0885425, 0.950167, 0.298904]';
cam_lookat   = [0, 0, 1]';
cam_sky      = [0, 1, 0]';
cam_right    = [1.32292, -0.0910434, -0.102468]';
cam_fpoint   = [0, 0, 10]';
cam_angle    = 90;
