cam_pos      = [77.1546, 449.023, -293.512]';
cam_dir      = [-0.0233922, -0.327712, 0.944488]';
cam_up       = [0.0257955, 0.944234, 0.328263]';
cam_lookat   = [0, 0, 1]';
cam_sky      = [0, 1, 0]';
cam_right    = [1.32919, -0.0426163, 0.0181335]';
cam_fpoint   = [0, 0, 10]';
cam_angle    = 90;
