cam_pos      = [107.356, 473.724, -284.758]';
cam_dir      = [0.312109, -0.505344, 0.804497]';
cam_up       = [0.126847, 0.861382, 0.491865]';
cam_lookat   = [0, 0, 1]';
cam_sky      = [0, 1, 0]';
cam_right    = [1.25225, 0.0684518, -0.442818]';
cam_fpoint   = [0, 0, 10]';
cam_angle    = 90;
