cam_pos      = [77.2718, 483.462, -272.867]';
cam_dir      = [0.288152, -0.370362, 0.883063]';
cam_up       = [0.115549, 0.928887, 0.351876]';
cam_lookat   = [0, 0, 1]';
cam_sky      = [0, 1, 0]';
cam_right    = [1.26428, -0.000855452, -0.412906]';
cam_fpoint   = [0, 0, 10]';
cam_angle    = 90;
