cam_pos      = [95.4301, 439.678, -299.134]';
cam_dir      = [0.35314, -0.462613, 0.813192]';
cam_up       = [0.0635757, 0.87905, 0.472471]';
cam_lookat   = [0, 0, 1]';
cam_sky      = [0, 1, 0]';
cam_right    = [1.24143, 0.153148, -0.451986]';
cam_fpoint   = [0, 0, 10]';
cam_angle    = 90;
