cam_pos      = [107.231, 473.173, -286.83]';
cam_dir      = [0.30379, -0.510113, 0.804672]';
cam_up       = [0.122291, 0.858479, 0.498055]';
cam_lookat   = [0, 0, 1]';
cam_sky      = [0, 1, 0]';
cam_right    = [1.25666, 0.0703569, -0.429829]';
cam_fpoint   = [0, 0, 10]';
cam_angle    = 90;
