cam_pos      = [145.431, 461.174, -308.537]';
cam_dir      = [0.324891, -0.305715, 0.894977]';
cam_up       = [0.0220978, 0.948509, 0.315979]';
cam_lookat   = [0, 0, 1]';
cam_sky      = [0, 1, 0]';
cam_right    = [1.25751, 0.110233, -0.418841]';
cam_fpoint   = [0, 0, 10]';
cam_angle    = 90;
