cam_pos      = [92.7224, 490.482, -261.831]';
cam_dir      = [0.365167, -0.319013, 0.874576]';
cam_up       = [0.102088, 0.94751, 0.302991]';
cam_lookat   = [0, 0, 1]';
cam_sky      = [0, 1, 0]';
cam_right    = [1.23069, 0.0284068, -0.503493]';
cam_fpoint   = [0, 0, 10]';
cam_angle    = 90;
