cam_pos      = [124.342, 487.219, -259.118]';
cam_dir      = [0.426661, -0.365417, 0.827303]';
cam_up       = [0.0529722, 0.923269, 0.380485]';
cam_lookat   = [0, 0, 1]';
cam_sky      = [0, 1, 0]';
cam_right    = [1.2008, 0.157624, -0.549662]';
cam_fpoint   = [0, 0, 10]';
cam_angle    = 90;
