cam_pos      = [97.6045, 471.08, -300.66]';
cam_dir      = [0.0778685, -0.419285, 0.904509]';
cam_up       = [0.0164175, 0.90768, 0.419342]';
cam_lookat   = [0, 0, 1]';
cam_sky      = [0, 1, 0]';
cam_right    = [1.32578, 0.0236789, -0.103159]';
cam_fpoint   = [0, 0, 10]';
cam_angle    = 90;
