cam_pos      = [94.4414, 470.653, -298.401]';
cam_dir      = [0.0428803, -0.292881, 0.955187]';
cam_up       = [0.00993223, 0.956144, 0.292729]';
cam_lookat   = [0, 0, 1]';
cam_sky      = [0, 1, 0]';
cam_right    = [1.32871, 0.00407665, -0.0583986]';
cam_fpoint   = [0, 0, 10]';
cam_angle    = 90;
