cam_pos      = [99.4377, 488.469, -318.425]';
cam_dir      = [0.133816, -0.32854, 0.934962]';
cam_up       = [0.0212656, 0.944182, 0.328736]';
cam_lookat   = [0, 0, 1]';
cam_sky      = [0, 1, 0]';
cam_right    = [1.31773, 0.0320631, -0.177333]';
cam_fpoint   = [0, 0, 10]';
cam_angle    = 90;
