cam_pos      = [112.553, 460.48, -305.491]';
cam_dir      = [0.124173, -0.324399, 0.937735]';
cam_up       = [0.030127, 0.945846, 0.323215]';
cam_lookat   = [0, 0, 1]';
cam_sky      = [0, 1, 0]';
cam_right    = [1.3191, 0.0158051, -0.169205]';
cam_fpoint   = [0, 0, 10]';
cam_angle    = 90;
