cam_pos      = [86.654, 488.226, -265.453]';
cam_dir      = [0.353097, -0.364692, 0.861581]';
cam_up       = [0.118681, 0.93092, 0.345403]';
cam_lookat   = [0, 0, 1]';
cam_sky      = [0, 1, 0]';
cam_right    = [1.23428, 0.026211, -0.494743]';
cam_fpoint   = [0, 0, 10]';
cam_angle    = 90;
