cam_pos      = [102.665, 456.052, -327.939]';
cam_dir      = [0.288123, -0.554828, 0.780481]';
cam_up       = [0.0535991, 0.823111, 0.565346]';
cam_lookat   = [0, 0, 1]';
cam_sky      = [0, 1, 0]';
cam_right    = [1.2716, 0.161004, -0.35497]';
cam_fpoint   = [0, 0, 10]';
cam_angle    = 90;
