cam_pos      = [118.036, 466.059, -288.096]';
cam_dir      = [0.361747, -0.445754, 0.818805]';
cam_up       = [-0.00617642, 0.877121, 0.48023]';
cam_lookat   = [0, 0, 1]';
cam_sky      = [0, 1, 0]';
cam_right    = [1.2399, 0.237776, -0.418342]';
cam_fpoint   = [0, 0, 10]';
cam_angle    = 90;
