cam_pos      = [142.728, 459.818, -313.939]';
cam_dir      = [0.209648, -0.321193, 0.923517]';
cam_up       = [0.0064168, 0.944938, 0.327187]';
cam_lookat   = [0, 0, 1]';
cam_sky      = [0, 1, 0]';
cam_right    = [1.30042, 0.0833484, -0.266219]';
cam_fpoint   = [0, 0, 10]';
cam_angle    = 90;
