cam_pos      = [119.871, 472.966, -269.592]';
cam_dir      = [0.47579, -0.332686, 0.814214]';
cam_up       = [-0.0412685, 0.916243, 0.398491]';
cam_lookat   = [0, 0, 1]';
cam_sky      = [0, 1, 0]';
cam_right    = [1.16852, 0.296855, -0.561539]';
cam_fpoint   = [0, 0, 10]';
cam_angle    = 90;
