cam_pos      = [98.2327, 455.935, -286.893]';
cam_dir      = [0.254236, -0.332428, 0.908216]';
cam_up       = [0.0108222, 0.939991, 0.341029]';
cam_lookat   = [0, 0, 1]';
cam_sky      = [0, 1, 0]';
cam_right    = [1.28622, 0.102241, -0.322627]';
cam_fpoint   = [0, 0, 10]';
cam_angle    = 90;
