cam_pos      = [89.8154, 471.638, -285.635]';
cam_dir      = [0.239065, -0.341161, 0.909097]';
cam_up       = [0.0688931, 0.939845, 0.334583]';
cam_lookat   = [0, 0, 1]';
cam_sky      = [0, 1, 0]';
cam_right    = [1.28818, 0.0230843, -0.33009]';
cam_fpoint   = [0, 0, 10]';
cam_angle    = 90;
