cam_pos      = [80.4758, 466.493, -290.236]';
cam_dir      = [0.0139506, -0.286984, 0.957834]';
cam_up       = [0.0194425, 0.957824, 0.286698]';
cam_lookat   = [0, 0, 1]';
cam_sky      = [0, 1, 0]';
cam_right    = [1.32962, -0.0194487, -0.0251927]';
cam_fpoint   = [0, 0, 10]';
cam_angle    = 90;
