cam_pos      = [85.1134, 484.751, -269.827]';
cam_dir      = [0.316369, -0.351735, 0.881018]';
cam_up       = [0.0822041, 0.935392, 0.343924]';
cam_lookat   = [0, 0, 1]';
cam_sky      = [0, 1, 0]';
cam_right    = [1.25694, 0.0483902, -0.432041]';
cam_fpoint   = [0, 0, 10]';
cam_angle    = 90;
