cam_pos      = [110.145, 467.976, -286.582]';
cam_dir      = [0.33613, -0.483173, 0.808431]';
cam_up       = [0.0758601, 0.869475, 0.488117]';
cam_lookat   = [0, 0, 1]';
cam_sky      = [0, 1, 0]';
cam_right    = [1.24854, 0.136648, -0.43745]';
cam_fpoint   = [0, 0, 10]';
cam_angle    = 90;
