cam_pos      = [75.1342, 454.674, -290.914]';
cam_dir      = [0.079282, -0.306231, 0.94865]';
cam_up       = [0.042215, 0.951823, 0.303727]';
cam_lookat   = [0, 0, 1]';
cam_sky      = [0, 1, 0]';
cam_right    = [1.32462, -0.0212362, -0.117559]';
cam_fpoint   = [0, 0, 10]';
cam_angle    = 90;
