cam_pos      = [107.167, 500.147, -310.65]';
cam_dir      = [0.268309, -0.274922, 0.92327]';
cam_up       = [0.00468326, 0.958774, 0.284133]';
cam_lookat   = [0, 0, 1]';
cam_sky      = [0, 1, 0]';
cam_right    = [1.28122, 0.0956423, -0.343852]';
cam_fpoint   = [0, 0, 10]';
cam_angle    = 90;
