cam_pos      = [168.608, 444.225, -332.723]';
cam_dir      = [0.35213, -0.343417, 0.870672]';
cam_up       = [0.0680218, 0.937184, 0.34214]';
cam_lookat   = [0, 0, 1]';
cam_sky      = [0, 1, 0]';
cam_right    = [1.24152, 0.0814669, -0.469982]';
cam_fpoint   = [0, 0, 10]';
cam_angle    = 90;
