cam_pos      = [76.2512, 459.528, -278.296]';
cam_dir      = [0.0483166, -0.276632, 0.95976]';
cam_up       = [0.0502183, 0.96034, 0.274271]';
cam_lookat   = [0, 0, 1]';
cam_sky      = [0, 1, 0]';
cam_right    = [1.32677, -0.0464778, -0.0801889]';
cam_fpoint   = [0, 0, 10]';
cam_angle    = 90;
