cam_pos      = [134.242, 472.297, -308.164]';
cam_dir      = [0.157528, -0.292902, 0.943077]';
cam_up       = [-0.0281816, 0.953278, 0.300778]';
cam_lookat   = [0, 0, 1]';
cam_sky      = [0, 1, 0]';
cam_right    = [1.31286, 0.0983645, -0.188746]';
cam_fpoint   = [0, 0, 10]';
cam_angle    = 90;
