cam_pos      = [94.6355, 459.523, -300.237]';
cam_dir      = [0.0789339, -0.320257, 0.944037]';
cam_up       = [0.0421964, 0.947216, 0.317807]';
cam_lookat   = [0, 0, 1]';
cam_sky      = [0, 1, 0]';
cam_right    = [1.32466, -0.0196164, -0.117414]';
cam_fpoint   = [0, 0, 10]';
cam_angle    = 90;
