cam_pos      = [84.8581, 477.514, -270.776]';
cam_dir      = [0.355627, -0.405174, 0.842237]';
cam_up       = [0.109698, 0.913013, 0.392904]';
cam_lookat   = [0, 0, 1]';
cam_sky      = [0, 1, 0]';
cam_right    = [1.23446, 0.0629561, -0.490955]';
cam_fpoint   = [0, 0, 10]';
cam_angle    = 90;
