cam_pos      = [82.2166, 464.136, -279.425]';
cam_dir      = [0.0743776, -0.266051, 0.961085]';
cam_up       = [0.0464027, 0.963634, 0.263166]';
cam_lookat   = [0, 0, 1]';
cam_sky      = [0, 1, 0]';
cam_right    = [1.32488, -0.033281, -0.111744]';
cam_fpoint   = [0, 0, 10]';
cam_angle    = 90;
