cam_pos      = [123.438, 486.769, -263.26]';
cam_dir      = [0.432197, -0.359488, 0.827027]';
cam_up       = [0.0267223, 0.921809, 0.386722]';
cam_lookat   = [0, 0, 1]';
cam_sky      = [0, 1, 0]';
cam_right    = [1.19884, 0.192903, -0.542652]';
cam_fpoint   = [0, 0, 10]';
cam_angle    = 90;
