cam_pos      = [82.7783, 477.921, -279.73]';
cam_dir      = [-0.0601761, -0.375232, 0.924976]';
cam_up       = [-0.0766657, 0.925655, 0.37052]';
cam_lookat   = [0, 0, 1]';
cam_sky      = [0, 1, 0]';
cam_right    = [1.32367, 0.0646613, 0.112345]';
cam_fpoint   = [0, 0, 10]';
cam_angle    = 90;
