cam_pos      = [128.683, 480.602, -309.546]';
cam_dir      = [0.190504, -0.411356, 0.891344]';
cam_up       = [-0.0662576, 0.900514, 0.429749]';
cam_lookat   = [0, 0, 1]';
cam_sky      = [0, 1, 0]';
cam_right    = [1.30267, 0.187433, -0.191914]';
cam_fpoint   = [0, 0, 10]';
cam_angle    = 90;
