cam_pos      = [112.568, 454.104, -264.246]';
cam_dir      = [0.349069, -0.48857, 0.799656]';
cam_up       = [0.137247, 0.870786, 0.472117]';
cam_lookat   = [0, 0, 1]';
cam_sky      = [0, 1, 0]';
cam_right    = [1.2329, 0.0732178, -0.493455]';
cam_fpoint   = [0, 0, 10]';
cam_angle    = 90;
