cam_pos      = [73.1428, 453.865, -278.105]';
cam_dir      = [0.0419667, -0.285551, 0.957444]';
cam_up       = [0.0545233, 0.957515, 0.283182]';
cam_lookat   = [0, 0, 1]';
cam_sky      = [0, 1, 0]';
cam_right    = [1.32685, -0.053624, -0.0741514]';
cam_fpoint   = [0, 0, 10]';
cam_angle    = 90;
