cam_pos      = [98.3284, 430.018, -295.961]';
cam_dir      = [0.374194, -0.50892, 0.775228]';
cam_up       = [0.0709728, 0.849225, 0.523239]';
cam_lookat   = [0, 0, 1]';
cam_sky      = [0, 1, 0]';
cam_right    = [1.22976, 0.187228, -0.47068]';
cam_fpoint   = [0, 0, 10]';
cam_angle    = 90;
