cam_pos      = [98.1186, 473.739, -278.155]';
cam_dir      = [0.293685, -0.349078, 0.889884]';
cam_up       = [0.0540526, 0.935511, 0.349138]';
cam_lookat   = [0, 0, 1]';
cam_sky      = [0, 1, 0]';
cam_right    = [1.26932, 0.0723997, -0.390507]';
cam_fpoint   = [0, 0, 10]';
cam_angle    = 90;
