cam_pos      = [109.943, 458.646, -317.804]';
cam_dir      = [0.202402, -0.291886, 0.934792]';
cam_up       = [-0.031653, 0.9521, 0.304144]';
cam_lookat   = [0, 0, 1]';
cam_sky      = [0, 1, 0]';
cam_right    = [1.30179, 0.121227, -0.244012]';
cam_fpoint   = [0, 0, 10]';
cam_angle    = 90;
