cam_pos      = [108.81, 451.383, -309.195]';
cam_dir      = [0.0644923, -0.325928, 0.943192]';
cam_up       = [-0.0136438, 0.944784, 0.327411]';
cam_lookat   = [0, 0, 1]';
cam_sky      = [0, 1, 0]';
cam_right    = [1.32711, 0.045199, -0.0751243]';
cam_fpoint   = [0, 0, 10]';
cam_angle    = 90;
