cam_pos      = [116.437, 479.647, -303.053]';
cam_dir      = [0.213617, -0.368744, 0.904652]';
cam_up       = [0.00169095, 0.926165, 0.377114]';
cam_lookat   = [0, 0, 1]';
cam_sky      = [0, 1, 0]';
cam_right    = [1.2993, 0.105108, -0.263962]';
cam_fpoint   = [0, 0, 10]';
cam_angle    = 90;
