cam_pos      = [94.057, 477.87, -276.528]';
cam_dir      = [0.376537, -0.356711, 0.854972]';
cam_up       = [0.032165, 0.927373, 0.372753]';
cam_lookat   = [0, 0, 1]';
cam_sky      = [0, 1, 0]';
cam_right    = [1.23137, 0.150097, -0.479683]';
cam_fpoint   = [0, 0, 10]';
cam_angle    = 90;
