cam_pos      = [73.3156, 479.838, -268.487]';
cam_dir      = [0.31556, -0.397688, 0.861549]';
cam_up       = [0.0979947, 0.916743, 0.387273]';
cam_lookat   = [0, 0, 1]';
cam_sky      = [0, 1, 0]';
cam_right    = [1.2553, 0.0502481, -0.436584]';
cam_fpoint   = [0, 0, 10]';
cam_angle    = 90;
