cam_pos      = [113.77, 436.554, -309.956]';
cam_dir      = [0.185088, -0.359974, 0.914418]';
cam_up       = [-0.00119029, 0.930413, 0.366511]';
cam_lookat   = [0, 0, 1]';
cam_sky      = [0, 1, 0]';
cam_right    = [1.30702, 0.0916706, -0.228467]';
cam_fpoint   = [0, 0, 10]';
cam_angle    = 90;
