cam_pos      = [61.39, 448.958, -298.789]';
cam_dir      = [-0.0502903, -0.298856, 0.952972]';
cam_up       = [0.0451017, 0.952527, 0.301096]';
cam_lookat   = [0, 0, 1]';
cam_sky      = [0, 1, 0]';
cam_right    = [1.32696, -0.0773035, 0.0457838]';
cam_fpoint   = [0, 0, 10]';
cam_angle    = 90;
