cam_pos      = [106.361, 462.9, -294.318]';
cam_dir      = [0.152168, -0.315105, 0.936778]';
cam_up       = [0.0133592, 0.948385, 0.316839]';
cam_lookat   = [0, 0, 1]';
cam_sky      = [0, 1, 0]';
cam_right    = [1.31439, 0.0474786, -0.197536]';
cam_fpoint   = [0, 0, 10]';
cam_angle    = 90;
