cam_pos      = [121.23, 467.936, -285.666]';
cam_dir      = [0.434732, -0.332721, 0.836842]';
cam_up       = [-0.080224, 0.911244, 0.403978]';
cam_lookat   = [0, 0, 1]';
cam_sky      = [0, 1, 0]';
cam_right    = [1.19298, 0.322867, -0.491375]';
cam_fpoint   = [0, 0, 10]';
cam_angle    = 90;
