cam_pos      = [100.956, 436.471, -290.632]';
cam_dir      = [0.398449, -0.516621, 0.757853]';
cam_up       = [0.0803848, 0.842767, 0.532243]';
cam_lookat   = [0, 0, 1]';
cam_sky      = [0, 1, 0]';
cam_right    = [1.21517, 0.201032, -0.501846]';
cam_fpoint   = [0, 0, 10]';
cam_angle    = 90;
