cam_pos      = [103.773, 474.245, -275.319]';
cam_dir      = [0.278536, -0.245333, 0.928563]';
cam_up       = [0.0176552, 0.967969, 0.250448]';
cam_lookat   = [0, 0, 1]';
cam_sky      = [0, 1, 0]';
cam_right    = [1.27715, 0.0709753, -0.364347]';
cam_fpoint   = [0, 0, 10]';
cam_angle    = 90;
