cam_pos      = [82.0796, 448.149, -294.085]';
cam_dir      = [-0.0163937, -0.331731, 0.943232]';
cam_up       = [0.0134833, 0.943199, 0.331954]';
cam_lookat   = [0, 0, 1]';
cam_sky      = [0, 1, 0]';
cam_right    = [1.3297, -0.0241525, 0.0146163]';
cam_fpoint   = [0, 0, 10]';
cam_angle    = 90;
