cam_pos      = [120.523, 449.401, -273.453]';
cam_dir      = [0.365948, -0.400175, 0.840204]';
cam_up       = [0.0494287, 0.909911, 0.411847]';
cam_lookat   = [0, 0, 1]';
cam_sky      = [0, 1, 0]';
cam_right    = [1.236, 0.145215, -0.469171]';
cam_fpoint   = [0, 0, 10]';
cam_angle    = 90;
