cam_pos      = [102.721, 454.725, -281.076]';
cam_dir      = [0.385068, -0.438209, 0.812216]';
cam_up       = [0.100982, 0.894803, 0.434891]';
cam_lookat   = [0, 0, 1]';
cam_sky      = [0, 1, 0]';
cam_right    = [1.22007, 0.11364, -0.517119]';
cam_fpoint   = [0, 0, 10]';
cam_angle    = 90;
