cam_pos      = [121.71, 466.961, -296.429]';
cam_dir      = [0.246657, -0.291479, 0.92423]';
cam_up       = [0.0361926, 0.955801, 0.291777]';
cam_lookat   = [0, 0, 1]';
cam_sky      = [0, 1, 0]';
cam_right    = [1.28801, 0.0512297, -0.327584]';
cam_fpoint   = [0, 0, 10]';
cam_angle    = 90;
