cam_pos      = [86.9179, 482.629, -272.31]';
cam_dir      = [0.504467, -0.328969, 0.798306]';
cam_up       = [-0.0250871, 0.9186, 0.394393]';
cam_lookat   = [0, 0, 1]';
cam_sky      = [0, 1, 0]';
cam_right    = [1.14788, 0.29125, -0.605349]';
cam_fpoint   = [0, 0, 10]';
cam_angle    = 90;
