cam_pos      = [104.283, 460.066, -303.773]';
cam_dir      = [0.0835327, -0.270563, 0.959071]';
cam_up       = [0.0815556, 0.961063, 0.264021]';
cam_lookat   = [0, 0, 1]';
cam_sky      = [0, 1, 0]';
cam_right    = [1.32091, -0.0746971, -0.13612]';
cam_fpoint   = [0, 0, 10]';
cam_angle    = 90;
