cam_pos      = [121.068, 408.81, -302.674]';
cam_dir      = [0.200024, -0.275953, 0.940128]';
cam_up       = [0.0364823, 0.960951, 0.274303]';
cam_lookat   = [0, 0, 1]';
cam_sky      = [0, 1, 0]';
cam_right    = [1.30222, 0.027357, -0.269034]';
cam_fpoint   = [0, 0, 10]';
cam_angle    = 90;
