cam_pos      = [105.377, 481.645, -273.431]';
cam_dir      = [0.393215, -0.344348, 0.852529]';
cam_up       = [-0.00584739, 0.926265, 0.376828]';
cam_lookat   = [0, 0, 1]';
cam_sky      = [0, 1, 0]';
cam_right    = [1.22284, 0.203701, -0.481737]';
cam_fpoint   = [0, 0, 10]';
cam_angle    = 90;
