cam_pos      = [103.734, 484.725, -305.437]';
cam_dir      = [0.115614, -0.426826, 0.896913]';
cam_up       = [-0.0898888, 0.894767, 0.437392]';
cam_lookat   = [0, 0, 1]';
cam_sky      = [0, 1, 0]';
cam_right    = [1.31566, 0.174484, -0.0865573]';
cam_fpoint   = [0, 0, 10]';
cam_angle    = 90;
