cam_pos      = [137.818, 439.922, -317.127]';
cam_dir      = [0.268672, -0.27397, 0.923448]';
cam_up       = [-0.0173175, 0.957169, 0.289013]';
cam_lookat   = [0, 0, 1]';
cam_sky      = [0, 1, 0]';
cam_right    = [1.28089, 0.124543, -0.335719]';
cam_fpoint   = [0, 0, 10]';
cam_angle    = 90;
