cam_pos      = [102.214, 475.653, -303.988]';
cam_dir      = [0.25384, -0.410467, 0.875832]';
cam_up       = [0.0389046, 0.909091, 0.414778]';
cam_lookat   = [0, 0, 1]';
cam_sky      = [0, 1, 0]';
cam_right    = [1.2854, 0.0947138, -0.328155]';
cam_fpoint   = [0, 0, 10]';
cam_angle    = 90;
