cam_pos      = [113.281, 466.484, -269.591]';
cam_dir      = [0.351098, -0.384401, 0.853795]';
cam_up       = [0.053631, 0.918603, 0.391525]';
cam_lookat   = [0, 0, 1]';
cam_sky      = [0, 1, 0]';
cam_right    = [1.24329, 0.121926, -0.456371]';
cam_fpoint   = [0, 0, 10]';
cam_angle    = 90;
