cam_pos      = [176.367, 459.6, -330.105]';
cam_dir      = [0.375674, -0.303914, 0.875503]';
cam_up       = [0.00117482, 0.944856, 0.327484]';
cam_lookat   = [0, 0, 1]';
cam_sky      = [0, 1, 0]';
cam_right    = [1.23258, 0.162259, -0.472569]';
cam_fpoint   = [0, 0, 10]';
cam_angle    = 90;
