cam_pos      = [99.7018, 472.731, -285.665]';
cam_dir      = [-0.00598092, -0.38691, 0.922098]';
cam_up       = [-0.00471908, 0.922115, 0.386887]';
cam_lookat   = [0, 0, 1]';
cam_sky      = [0, 1, 0]';
cam_right    = [1.32996, 0.0027099, 0.00976348]';
cam_fpoint   = [0, 0, 10]';
cam_angle    = 90;
