cam_pos      = [89.2831, 475.922, -290.017]';
cam_dir      = [0.0449574, -0.383524, 0.922436]';
cam_up       = [-0.0182912, 0.922899, 0.384608]';
cam_lookat   = [0, 0, 1]';
cam_sky      = [0, 1, 0]';
cam_right    = [1.32843, 0.0454373, -0.0458531]';
cam_fpoint   = [0, 0, 10]';
cam_angle    = 90;
