cam_pos      = [117.28, 474.635, -284.428]';
cam_dir      = [0.450081, -0.310867, 0.837131]';
cam_up       = [-0.0902626, 0.916811, 0.388986]';
cam_lookat   = [0, 0, 1]';
cam_sky      = [0, 1, 0]';
cam_right    = [1.18159, 0.333347, -0.511491]';
cam_fpoint   = [0, 0, 10]';
cam_angle    = 90;
