cam_pos      = [101.981, 483.747, -265.337]';
cam_dir      = [0.384039, -0.336229, 0.859921]';
cam_up       = [0.0892736, 0.940497, 0.327865]';
cam_lookat   = [0, 0, 1]';
cam_sky      = [0, 1, 0]';
cam_right    = [1.22226, 0.0653623, -0.520301]';
cam_fpoint   = [0, 0, 10]';
cam_angle    = 90;
