cam_pos      = [85.1253, 467.905, -279.781]';
cam_dir      = [0.0633879, -0.305768, 0.949994]';
cam_up       = [0.0864632, 0.950011, 0.300005]';
cam_lookat   = [0, 0, 1]';
cam_sky      = [0, 1, 0]';
cam_right    = [1.32233, -0.0839535, -0.115254]';
cam_fpoint   = [0, 0, 10]';
cam_angle    = 90;
