cam_pos      = [99.0732, 439.366, -289.941]';
cam_dir      = [0.139889, -0.307522, 0.941202]';
cam_up       = [0.0774325, 0.951035, 0.299226]';
cam_lookat   = [0, 0, 1]';
cam_sky      = [0, 1, 0]';
cam_right    = [1.31289, -0.0412582, -0.208613]';
cam_fpoint   = [0, 0, 10]';
cam_angle    = 90;
