cam_pos      = [137.432, 464.364, -307.575]';
cam_dir      = [0.155572, -0.313318, 0.936819]';
cam_up       = [-0.0221331, 0.947022, 0.320406]';
cam_lookat   = [0, 0, 1]';
cam_sky      = [0, 1, 0]';
cam_right    = [1.31348, 0.0938725, -0.186725]';
cam_fpoint   = [0, 0, 10]';
cam_angle    = 90;
