cam_pos      = [94.7054, 484.414, -291.109]';
cam_dir      = [0.0259336, -0.388644, 0.921023]';
cam_up       = [-0.0894631, 0.916734, 0.389353]';
cam_lookat   = [0, 0, 1]';
cam_sky      = [0, 1, 0]';
cam_right    = [1.32422, 0.123018, 0.0146235]';
cam_fpoint   = [0, 0, 10]';
cam_angle    = 90;
