cam_pos      = [102.387, 469.091, -298.045]';
cam_dir      = [0.0408937, -0.465692, 0.884002]';
cam_up       = [-0.0461995, 0.882914, 0.467256]';
cam_lookat   = [0, 0, 1]';
cam_sky      = [0, 1, 0]';
cam_right    = [1.32747, 0.0797312, -0.0194059]';
cam_fpoint   = [0, 0, 10]';
cam_angle    = 90;
