cam_pos      = [98.7819, 487.285, -270.34]';
cam_dir      = [0.367874, -0.375077, 0.850874]';
cam_up       = [0.0893294, 0.925063, 0.369159]';
cam_lookat   = [0, 0, 1]';
cam_sky      = [0, 1, 0]';
cam_right    = [1.23101, 0.0795288, -0.49717]';
cam_fpoint   = [0, 0, 10]';
cam_angle    = 90;
