cam_pos      = [139.745, 460.044, -312.425]';
cam_dir      = [0.187663, -0.324713, 0.927008]';
cam_up       = [0.0121937, 0.944473, 0.328362]';
cam_lookat   = [0, 0, 1]';
cam_sky      = [0, 1, 0]';
cam_right    = [1.30627, 0.0669227, -0.240999]';
cam_fpoint   = [0, 0, 10]';
cam_angle    = 90;
