cam_pos      = [78.8878, 487.278, -270.822]';
cam_dir      = [0.308429, -0.3691, 0.876719]';
cam_up       = [0.0911892, 0.92888, 0.35898]';
cam_lookat   = [0, 0, 1]';
cam_sky      = [0, 1, 0]';
cam_right    = [1.25933, 0.0409272, -0.425801]';
cam_fpoint   = [0, 0, 10]';
cam_angle    = 90;
