cam_pos      = [101.718, 474.901, -279.284]';
cam_dir      = [0.325562, -0.384345, 0.86388]';
cam_up       = [0.0441393, 0.918837, 0.392161]';
cam_lookat   = [0, 0, 1]';
cam_sky      = [0, 1, 0]';
cam_right    = [1.25617, 0.11909, -0.420417]';
cam_fpoint   = [0, 0, 10]';
cam_angle    = 90;
