cam_pos      = [140.518, 453.319, -315.459]';
cam_dir      = [0.290427, -0.329948, 0.898213]';
cam_up       = [0.0445806, 0.942319, 0.331735]';
cam_lookat   = [0, 0, 1]';
cam_sky      = [0, 1, 0]';
cam_right    = [1.27129, 0.0748815, -0.383551]';
cam_fpoint   = [0, 0, 10]';
cam_angle    = 90;
