cam_pos      = [112.942, 473.925, -291.848]';
cam_dir      = [0.341411, -0.492275, 0.80069]';
cam_up       = [0.0873465, 0.864806, 0.49445]';
cam_lookat   = [0, 0, 1]';
cam_sky      = [0, 1, 0]';
cam_right    = [1.24468, 0.131501, -0.449876]';
cam_fpoint   = [0, 0, 10]';
cam_angle    = 90;
