cam_pos      = [107.026, 435.727, -284.32]';
cam_dir      = [0.30644, -0.44154, 0.843289]';
cam_up       = [0.0526408, 0.892415, 0.448133]';
cam_lookat   = [0, 0, 1]';
cam_sky      = [0, 1, 0]';
cam_right    = [1.26408, 0.123603, -0.394631]';
cam_fpoint   = [0, 0, 10]';
cam_angle    = 90;
