cam_pos      = [120.91, 457.486, -297.396]';
cam_dir      = [0.0712511, -0.313905, 0.946777]';
cam_up       = [-0.0410896, 0.94746, 0.317224]';
cam_lookat   = [0, 0, 1]';
cam_sky      = [0, 1, 0]';
cam_right    = [1.32549, 0.0818019, -0.0726304]';
cam_fpoint   = [0, 0, 10]';
cam_angle    = 90;
