cam_pos      = [110.919, 476.8, -280.162]';
cam_dir      = [0.411715, -0.335306, 0.847385]';
cam_up       = [-0.0516632, 0.919767, 0.389049]';
cam_lookat   = [0, 0, 1]';
cam_sky      = [0, 1, 0]';
cam_right    = [1.2101, 0.271261, -0.480607]';
cam_fpoint   = [0, 0, 10]';
cam_angle    = 90;
