cam_pos      = [106.154, 471.638, -283.269]';
cam_dir      = [0.302186, -0.510923, 0.804762]';
cam_up       = [0.162543, 0.859484, 0.48463]';
cam_lookat   = [0, 0, 1]';
cam_sky      = [0, 1, 0]';
cam_right    = [1.24925, 0.0208013, -0.455885]';
cam_fpoint   = [0, 0, 10]';
cam_angle    = 90;
