cam_pos      = [96.5684, 460.407, -295.841]';
cam_dir      = [0.0478844, -0.31387, 0.948258]';
cam_up       = [0.0172635, 0.949465, 0.313398]';
cam_lookat   = [0, 0, 1]';
cam_sky      = [0, 1, 0]';
cam_right    = [1.32828, -0.0018133, -0.0676744]';
cam_fpoint   = [0, 0, 10]';
cam_angle    = 90;
