cam_pos      = [122.391, 461.387, -308.103]';
cam_dir      = [0.154248, -0.321686, 0.934198]';
cam_up       = [0.0227557, 0.94642, 0.322137]';
cam_lookat   = [0, 0, 1]';
cam_sky      = [0, 1, 0]';
cam_right    = [1.31373, 0.0378128, -0.203894]';
cam_fpoint   = [0, 0, 10]';
cam_angle    = 90;
