cam_pos      = [146.354, 437.757, -330.71]';
cam_dir      = [0.237818, -0.386809, 0.890967]';
cam_up       = [0.0632216, 0.921503, 0.383191]';
cam_lookat   = [0, 0, 1]';
cam_sky      = [0, 1, 0]';
cam_right    = [1.2891, 0.0462859, -0.323995]';
cam_fpoint   = [0, 0, 10]';
cam_angle    = 90;
