cam_pos      = [99.7152, 468.144, -294.58]';
cam_dir      = [0.0785725, -0.287879, 0.954438]';
cam_up       = [0.000839007, 0.957417, 0.288708]';
cam_lookat   = [0, 0, 1]';
cam_sky      = [0, 1, 0]';
cam_right    = [1.32589, 0.0291055, -0.100373]';
cam_fpoint   = [0, 0, 10]';
cam_angle    = 90;
