cam_pos      = [143.571, 460.64, -314.319]';
cam_dir      = [0.215077, -0.320271, 0.922588]';
cam_up       = [0.00594941, 0.945109, 0.326702]';
cam_lookat   = [0, 0, 1]';
cam_sky      = [0, 1, 0]';
cam_right    = [1.29885, 0.0861537, -0.272885]';
cam_fpoint   = [0, 0, 10]';
cam_angle    = 90;
