cam_pos      = [123.046, 455.749, -305.04]';
cam_dir      = [0.263846, -0.33857, 0.903192]';
cam_up       = [0.074995, 0.940739, 0.330737]';
cam_lookat   = [0, 0, 1]';
cam_sky      = [0, 1, 0]';
cam_right    = [1.27899, 0.025973, -0.363889]';
cam_fpoint   = [0, 0, 10]';
cam_angle    = 90;
