cam_pos      = [134.682, 456.183, -267.975]';
cam_dir      = [0.463042, -0.443072, 0.767645]';
cam_up       = [0.0516253, 0.8781, 0.475684]';
cam_lookat   = [0, 0, 1]';
cam_sky      = [0, 1, 0]';
cam_right    = [1.17683, 0.240241, -0.571196]';
cam_fpoint   = [0, 0, 10]';
cam_angle    = 90;
