cam_pos      = [76.9531, 473.429, -282.08]';
cam_dir      = [-0.0294296, -0.346013, 0.937768]';
cam_up       = [0.0115006, 0.937995, 0.346458]';
cam_lookat   = [0, 0, 1]';
cam_sky      = [0, 1, 0]';
cam_right    = [1.32934, -0.0279047, 0.0314219]';
cam_fpoint   = [0, 0, 10]';
cam_angle    = 90;
