cam_pos      = [83.1913, 459.355, -296.029]';
cam_dir      = [0.0436101, -0.314662, 0.948201]';
cam_up       = [0.0502038, 0.948596, 0.312484]';
cam_lookat   = [0, 0, 1]';
cam_sky      = [0, 1, 0]';
cam_right    = [1.32706, -0.0451879, -0.0760302]';
cam_fpoint   = [0, 0, 10]';
cam_angle    = 90;
