cam_pos      = [71.5144, 433.084, -295.809]';
cam_dir      = [0.0729977, -0.35752, 0.931048]';
cam_up       = [0.0182747, 0.933862, 0.357167]';
cam_lookat   = [0, 0, 1]';
cam_sky      = [0, 1, 0]';
cam_right    = [1.32623, 0.0120468, -0.0993554]';
cam_fpoint   = [0, 0, 10]';
cam_angle    = 90;
