cam_pos      = [118.174, 466.275, -288.818]';
cam_dir      = [0.359721, -0.465335, 0.808742]';
cam_up       = [0.0400358, 0.873663, 0.484882]';
cam_lookat   = [0, 0, 1]';
cam_sky      = [0, 1, 0]';
cam_right    = [1.23983, 0.188917, -0.442764]';
cam_fpoint   = [0, 0, 10]';
cam_angle    = 90;
