cam_pos      = [108.784, 481.684, -280.264]';
cam_dir      = [0.41555, -0.320646, 0.851178]';
cam_up       = [-0.0235911, 0.931688, 0.362492]';
cam_lookat   = [0, 0, 1]';
cam_sky      = [0, 1, 0]';
cam_right    = [1.20932, 0.22705, -0.504867]';
cam_fpoint   = [0, 0, 10]';
cam_angle    = 90;
