cam_pos      = [106.579, 471.409, -301.563]';
cam_dir      = [0.0794171, -0.295238, 0.952117]';
cam_up       = [-0.00121344, 0.955105, 0.296266]';
cam_lookat   = [0, 0, 1]';
cam_sky      = [0, 1, 0]';
cam_right    = [1.3258, 0.0328296, -0.100406]';
cam_fpoint   = [0, 0, 10]';
cam_angle    = 90;
