cam_pos      = [97.8446, 470.287, -269.808]';
cam_dir      = [0.306269, -0.411745, 0.858292]';
cam_up       = [0.118778, 0.911102, 0.394695]';
cam_lookat   = [0, 0, 1]';
cam_sky      = [0, 1, 0]';
cam_right    = [1.25619, 0.0251859, -0.436172]';
cam_fpoint   = [0, 0, 10]';
cam_angle    = 90;
