cam_pos      = [65.8979, 423.647, -299.894]';
cam_dir      = [0.0552958, -0.3038, 0.95113]';
cam_up       = [0.105189, 0.949059, 0.297023]';
cam_lookat   = [0, 0, 1]';
cam_sky      = [0, 1, 0]';
cam_right    = [1.32058, -0.11122, -0.112299]';
cam_fpoint   = [0, 0, 10]';
cam_angle    = 90;
