cam_pos      = [117.199, 483.196, -275.629]';
cam_dir      = [0.429912, -0.318626, 0.84478]';
cam_up       = [-0.0593035, 0.923674, 0.378562]';
cam_lookat   = [0, 0, 1]';
cam_sky      = [0, 1, 0]';
cam_right    = [1.19822, 0.283087, -0.50301]';
cam_fpoint   = [0, 0, 10]';
cam_angle    = 90;
