cam_pos      = [116.714, 472.914, -264.254]';
cam_dir      = [0.381114, -0.388195, 0.839081]';
cam_up       = [0.0349593, 0.91298, 0.406505]';
cam_lookat   = [0, 0, 1]';
cam_sky      = [0, 1, 0]';
cam_right    = [1.22874, 0.167036, -0.480822]';
cam_fpoint   = [0, 0, 10]';
cam_angle    = 90;
