cam_pos      = [89.0532, 444.941, -306.995]';
cam_dir      = [0.00255726, -0.486849, 0.873482]';
cam_up       = [0.0210054, 0.873319, 0.486696]';
cam_lookat   = [0, 0, 1]';
cam_sky      = [0, 1, 0]';
cam_right    = [1.3297, -0.0227473, -0.0165715]';
cam_fpoint   = [0, 0, 10]';
cam_angle    = 90;
