cam_pos      = [78.3038, 454.141, -293.28]';
cam_dir      = [0.0045959, -0.315254, 0.948996]';
cam_up       = [0.0319419, 0.948568, 0.314957]';
cam_lookat   = [0, 0, 1]';
cam_sky      = [0, 1, 0]';
cam_right    = [1.32931, -0.0383907, -0.019191]';
cam_fpoint   = [0, 0, 10]';
cam_angle    = 90;
