cam_pos      = [102.687, 437.89, -289.162]';
cam_dir      = [0.398575, -0.482991, 0.779652]';
cam_up       = [0.088309, 0.866356, 0.491558]';
cam_lookat   = [0, 0, 1]';
cam_sky      = [0, 1, 0]';
cam_right    = [1.21412, 0.169006, -0.515987]';
cam_fpoint   = [0, 0, 10]';
cam_angle    = 90;
