cam_pos      = [82.5793, 449.225, -287.824]';
cam_dir      = [0.105142, -0.350202, 0.930754]';
cam_up       = [0.0862931, 0.935625, 0.342286]';
cam_lookat   = [0, 0, 1]';
cam_sky      = [0, 1, 0]';
cam_right    = [1.31764, -0.0589576, -0.171029]';
cam_fpoint   = [0, 0, 10]';
cam_angle    = 90;
