cam_pos      = [110.834, 473.454, -282.653]';
cam_dir      = [0.526013, -0.334461, 0.78195]';
cam_up       = [-0.0580442, 0.903164, 0.425353]';
cam_lookat   = [0, 0, 1]';
cam_sky      = [0, 1, 0]';
cam_right    = [1.1285, 0.357942, -0.606032]';
cam_fpoint   = [0, 0, 10]';
cam_angle    = 90;
