cam_pos      = [164.331, 461.986, -318.559]';
cam_dir      = [0.235157, -0.282875, 0.929883]';
cam_up       = [-0.00726763, 0.956173, 0.292711]';
cam_lookat   = [0, 0, 1]';
cam_sky      = [0, 1, 0]';
cam_right    = [1.29267, 0.100536, -0.296317]';
cam_fpoint   = [0, 0, 10]';
cam_angle    = 90;
