cam_pos      = [95.4157, 474.865, -276.643]';
cam_dir      = [0.354973, -0.33815, 0.871578]';
cam_up       = [0.0946864, 0.940503, 0.326327]';
cam_lookat   = [0, 0, 1]';
cam_sky      = [0, 1, 0]';
cam_right    = [1.23699, 0.0443032, -0.486608]';
cam_fpoint   = [0, 0, 10]';
cam_angle    = 90;
