cam_pos      = [84.8712, 456.925, -292.183]';
cam_dir      = [0.0411117, -0.312333, 0.949083]';
cam_up       = [0.0559535, 0.949115, 0.30992]';
cam_lookat   = [0, 0, 1]';
cam_sky      = [0, 1, 0]';
cam_right    = [1.32679, -0.0536831, -0.0751394]';
cam_fpoint   = [0, 0, 10]';
cam_angle    = 90;
