cam_pos      = [130.672, 478.444, -309.925]';
cam_dir      = [0.15683, -0.428518, 0.889818]';
cam_up       = [-0.0656544, 0.894451, 0.44232]';
cam_lookat   = [0, 0, 1]';
cam_sky      = [0, 1, 0]';
cam_right    = [1.31064, 0.169961, -0.14915]';
cam_fpoint   = [0, 0, 10]';
cam_angle    = 90;
