cam_pos      = [125.839, 480.105, -275.541]';
cam_dir      = [0.458725, -0.323843, 0.827464]';
cam_up       = [-0.0627751, 0.917085, 0.393719]';
cam_lookat   = [0, 0, 1]';
cam_sky      = [0, 1, 0]';
cam_right    = [1.17886, 0.309295, -0.53248]';
cam_fpoint   = [0, 0, 10]';
cam_angle    = 90;
