cam_pos      = [99.8397, 467.242, -283.879]';
cam_dir      = [0.371505, -0.35992, 0.855828]';
cam_up       = [-0.0198585, 0.918509, 0.394901]';
cam_lookat   = [0, 0, 1]';
cam_sky      = [0, 1, 0]';
cam_right    = [1.23453, 0.217725, -0.44433]';
cam_fpoint   = [0, 0, 10]';
cam_angle    = 90;
