cam_pos      = [89.7135, 481.367, -278.342]';
cam_dir      = [0.339012, -0.357962, 0.87002]';
cam_up       = [0.036038, 0.929046, 0.368205]';
cam_lookat   = [0, 0, 1]';
cam_sky      = [0, 1, 0]';
cam_right    = [1.25032, 0.124318, -0.436051]';
cam_fpoint   = [0, 0, 10]';
cam_angle    = 90;
