cam_pos      = [143.743, 485.671, -318.577]';
cam_dir      = [0.237364, -0.407475, 0.881829]';
cam_up       = [-0.0723282, 0.897839, 0.434342]';
cam_lookat   = [0, 0, 1]';
cam_sky      = [0, 1, 0]';
cam_right    = [1.2884, 0.221948, -0.244245]';
cam_fpoint   = [0, 0, 10]';
cam_angle    = 90;
