cam_pos      = [79.7387, 457.818, -284.267]';
cam_dir      = [-0.000200173, -0.282951, 0.959134]';
cam_up       = [0.0297768, 0.958707, 0.282831]';
cam_lookat   = [0, 0, 1]';
cam_sky      = [0, 1, 0]';
cam_right    = [1.32941, -0.0380601, -0.0109505]';
cam_fpoint   = [0, 0, 10]';
cam_angle    = 90;
