cam_pos      = [148.312, 466.853, -302.264]';
cam_dir      = [0.148556, -0.283827, 0.947298]';
cam_up       = [-0.0680439, 0.952723, 0.296123]';
cam_lookat   = [0, 0, 1]';
cam_sky      = [0, 1, 0]';
cam_right    = [1.31212, 0.144237, -0.162553]';
cam_fpoint   = [0, 0, 10]';
cam_angle    = 90;
