cam_pos      = [135.471, 452.585, -311.722]';
cam_dir      = [0.249305, -0.319953, 0.914044]';
cam_up       = [0.0563541, 0.94704, 0.316132]';
cam_lookat   = [0, 0, 1]';
cam_sky      = [0, 1, 0]';
cam_right    = [1.28582, 0.0363133, -0.337996]';
cam_fpoint   = [0, 0, 10]';
cam_angle    = 90;
