cam_pos      = [154.23, 467.229, -304.369]';
cam_dir      = [0.169821, -0.283187, 0.94391]';
cam_up       = [-0.0661902, 0.952382, 0.297637]';
cam_lookat   = [0, 0, 1]';
cam_sky      = [0, 1, 0]';
cam_right    = [1.30772, 0.150321, -0.190177]';
cam_fpoint   = [0, 0, 10]';
cam_angle    = 90;
