cam_pos      = [77.8609, 489.461, -280.411]';
cam_dir      = [0.284738, -0.346844, 0.893657]';
cam_up       = [0.114469, 0.937879, 0.327535]';
cam_lookat   = [0, 0, 1]';
cam_sky      = [0, 1, 0]';
cam_right    = [1.26582, -0.0120157, -0.407981]';
cam_fpoint   = [0, 0, 10]';
cam_angle    = 90;
