cam_pos      = [136.903, 484.435, -314.992]';
cam_dir      = [0.220239, -0.393269, 0.892656]';
cam_up       = [-0.0555103, 0.90859, 0.413984]';
cam_lookat   = [0, 0, 1]';
cam_sky      = [0, 1, 0]';
cam_right    = [1.29524, 0.187167, -0.237107]';
cam_fpoint   = [0, 0, 10]';
cam_angle    = 90;
