cam_pos      = [90.1016, 454.061, -289.796]';
cam_dir      = [0.101259, -0.352666, 0.930254]';
cam_up       = [0.0124177, 0.935436, 0.353279]';
cam_lookat   = [0, 0, 1]';
cam_sky      = [0, 1, 0]';
cam_right    = [1.32306, 0.0322139, -0.131804]';
cam_fpoint   = [0, 0, 10]';
cam_angle    = 90;
