cam_pos      = [158.815, 452.392, -323.943]';
cam_dir      = [0.335386, -0.332006, 0.88164]';
cam_up       = [0.0568327, 0.941269, 0.332841]';
cam_lookat   = [0, 0, 1]';
cam_sky      = [0, 1, 0]';
cam_right    = [1.25069, 0.0818273, -0.444961]';
cam_fpoint   = [0, 0, 10]';
cam_angle    = 90;
