cam_pos      = [108.769, 438.508, -294.81]';
cam_dir      = [0.162024, -0.323299, 0.932323]';
cam_up       = [0.070275, 0.946188, 0.315894]';
cam_lookat   = [0, 0, 1]';
cam_sky      = [0, 1, 0]';
cam_right    = [1.30909, -0.0190675, -0.234113]';
cam_fpoint   = [0, 0, 10]';
cam_angle    = 90;
