cam_pos      = [92.7431, 462.936, -292.809]';
cam_dir      = [0.0523545, -0.290495, 0.955443]';
cam_up       = [0.00633782, 0.956833, 0.29057]';
cam_lookat   = [0, 0, 1]';
cam_sky      = [0, 1, 0]';
cam_right    = [1.32815, 0.0121791, -0.0690743]';
cam_fpoint   = [0, 0, 10]';
cam_angle    = 90;
