cam_pos      = [102.849, 444.355, -287.941]';
cam_dir      = [0.381639, -0.478216, 0.790988]';
cam_up       = [0.0957666, 0.871611, 0.480753]';
cam_lookat   = [0, 0, 1]';
cam_sky      = [0, 1, 0]';
cam_right    = [1.22272, 0.143273, -0.503323]';
cam_fpoint   = [0, 0, 10]';
cam_angle    = 90;
