cam_pos      = [101.291, 451.707, -305.311]';
cam_dir      = [0.144182, -0.339839, 0.929366]';
cam_up       = [0.0512935, 0.940483, 0.335947]';
cam_lookat   = [0, 0, 1]';
cam_sky      = [0, 1, 0]';
cam_right    = [1.31433, 0.00102016, -0.203533]';
cam_fpoint   = [0, 0, 10]';
cam_angle    = 90;
