cam_pos      = [106.027, 480.492, -272.655]';
cam_dir      = [0.377784, -0.337428, 0.862219]';
cam_up       = [0.0164019, 0.933522, 0.358145]';
cam_lookat   = [0, 0, 1]';
cam_sky      = [0, 1, 0]';
cam_right    = [1.23125, 0.161141, -0.476411]';
cam_fpoint   = [0, 0, 10]';
cam_angle    = 90;
