cam_pos      = [129.427, 466.735, -304.793]';
cam_dir      = [0.26135, -0.322612, 0.909735]';
cam_up       = [0.00934102, 0.943293, 0.331829]';
cam_lookat   = [0, 0, 1]';
cam_sky      = [0, 1, 0]';
cam_right    = [1.28371, 0.10404, -0.331892]';
cam_fpoint   = [0, 0, 10]';
cam_angle    = 90;
