cam_pos      = [120.062, 443.922, -300.091]';
cam_dir      = [0.225508, -0.348615, 0.909733]';
cam_up       = [0.0410478, 0.936357, 0.348642]';
cam_lookat   = [0, 0, 1]';
cam_sky      = [0, 1, 0]';
cam_right    = [1.29459, 0.0549012, -0.29987]';
cam_fpoint   = [0, 0, 10]';
cam_angle    = 90;
