cam_pos      = [97.4257, 465.759, -305.989]';
cam_dir      = [0.0954881, -0.416951, 0.903899]';
cam_up       = [-0.0236888, 0.90684, 0.42081]';
cam_lookat   = [0, 0, 1]';
cam_sky      = [0, 1, 0]';
cam_right    = [1.32355, 0.0819208, -0.102031]';
cam_fpoint   = [0, 0, 10]';
cam_angle    = 90;
