cam_pos      = [91.6007, 466.441, -301.971]';
cam_dir      = [0.0883348, -0.334591, 0.938214]';
cam_up       = [0.0681747, 0.941718, 0.329422]';
cam_lookat   = [0, 0, 1]';
cam_sky      = [0, 1, 0]';
cam_right    = [1.32169, -0.0463678, -0.140976]';
cam_fpoint   = [0, 0, 10]';
cam_angle    = 90;
