cam_pos      = [105.527, 482.931, -279.492]';
cam_dir      = [0.497487, -0.328178, 0.802998]';
cam_up       = [-0.0549867, 0.911885, 0.406746]';
cam_lookat   = [0, 0, 1]';
cam_sky      = [0, 1, 0]';
cam_right    = [1.15142, 0.327852, -0.579356]';
cam_fpoint   = [0, 0, 10]';
cam_angle    = 90;
