cam_pos      = [138.85, 472.206, -309.525]';
cam_dir      = [0.173372, -0.292654, 0.94037]';
cam_up       = [-0.0304198, 0.952783, 0.302125]';
cam_lookat   = [0, 0, 1]';
cam_sky      = [0, 1, 0]';
cam_right    = [1.30923, 0.107711, -0.207856]';
cam_fpoint   = [0, 0, 10]';
cam_angle    = 90;
