cam_pos      = [52.6211, 448.865, -290.659]';
cam_dir      = [-0.0308568, -0.259369, 0.965285]';
cam_up       = [0.0228241, 0.96531, 0.260105]';
cam_lookat   = [0, 0, 1]';
cam_sky      = [0, 1, 0]';
cam_right    = [1.32902, -0.0399769, 0.0317424]';
cam_fpoint   = [0, 0, 10]';
cam_angle    = 90;
