cam_pos      = [70.8999, 463.845, -291.897]';
cam_dir      = [-0.0292406, -0.287763, 0.957255]';
cam_up       = [0.0435129, 0.95639, 0.288832]';
cam_lookat   = [0, 0, 1]';
cam_sky      = [0, 1, 0]';
cam_right    = [1.32817, -0.0666311, 0.0205405]';
cam_fpoint   = [0, 0, 1]';
cam_angle    = 90;
