cam_pos      = [115.248, 481.148, -283.212]';
cam_dir      = [0.30335, -0.497586, 0.812642]';
cam_up       = [0.291959, 0.860345, 0.417811]';
cam_lookat   = [0, 0, 1]';
cam_sky      = [0, 1, 0]';
cam_right    = [1.20638, -0.146985, -0.540327]';
cam_fpoint   = [0, 0, 10]';
cam_angle    = 90;
