cam_pos      = [174.607, 462.904, -328.025]';
cam_dir      = [0.367445, -0.300524, 0.880153]';
cam_up       = [-0.0150673, 0.944307, 0.32872]';
cam_lookat   = [0, 0, 1]';
cam_sky      = [0, 1, 0]';
cam_right    = [1.2368, 0.178284, -0.455462]';
cam_fpoint   = [0, 0, 10]';
cam_angle    = 90;
