cam_pos      = [94.3109, 464.849, -300.415]';
cam_dir      = [0.0596167, -0.303643, 0.950919]';
cam_up       = [0.0225707, 0.95278, 0.302822]';
cam_lookat   = [0, 0, 1]';
cam_sky      = [0, 1, 0]';
cam_right    = [1.32729, -0.00453483, -0.0846612]';
cam_fpoint   = [0, 0, 10]';
cam_angle    = 90;
