cam_pos      = [91.632, 438.098, -295.577]';
cam_dir      = [0.347232, -0.510481, 0.786663]';
cam_up       = [0.105299, 0.854776, 0.508202]';
cam_lookat   = [0, 0, 1]';
cam_sky      = [0, 1, 0]';
cam_right    = [1.23936, 0.124527, -0.466243]';
cam_fpoint   = [0, 0, 10]';
cam_angle    = 90;
