cam_pos      = [99.2133, 484.954, -275.426]';
cam_dir      = [0.300559, -0.246976, 0.921231]';
cam_up       = [0.127538, 0.967624, 0.217803]';
cam_lookat   = [0, 0, 1]';
cam_sky      = [0, 1, 0]';
cam_right    = [1.25711, -0.0691988, -0.428695]';
cam_fpoint   = [0, 0, 10]';
cam_angle    = 90;
