cam_pos      = [92.8963, 483.766, -287.201]';
cam_dir      = [0.330496, -0.350796, 0.876193]';
cam_up       = [0.0453048, 0.933187, 0.356526]';
cam_lookat   = [0, 0, 1]';
cam_sky      = [0, 1, 0]';
cam_right    = [1.25382, 0.103919, -0.431328]';
cam_fpoint   = [0, 0, 10]';
cam_angle    = 90;
