cam_pos      = [131.807, 462.21, -310.538]';
cam_dir      = [0.181597, -0.319749, 0.929937]';
cam_up       = [0.0113182, 0.946278, 0.323157]';
cam_lookat   = [0, 0, 1]';
cam_sky      = [0, 1, 0]';
cam_right    = [1.3078, 0.0640516, -0.233362]';
cam_fpoint   = [0, 0, 10]';
cam_angle    = 90;
