cam_pos      = [127.153, 463.144, -306.17]';
cam_dir      = [0.263745, -0.317544, 0.910826]';
cam_up       = [0.0530934, 0.947608, 0.314993]';
cam_lookat   = [0, 0, 1]';
cam_sky      = [0, 1, 0]';
cam_right    = [1.28096, 0.0461763, -0.354825]';
cam_fpoint   = [0, 0, 10]';
cam_angle    = 90;
