cam_pos      = [98.2318, 486.403, -315.393]';
cam_dir      = [0.168371, -0.345561, 0.923168]';
cam_up       = [0.0159387, 0.93737, 0.34797]';
cam_lookat   = [0, 0, 1]';
cam_sky      = [0, 1, 0]';
cam_right    = [1.31084, 0.0583524, -0.217234]';
cam_fpoint   = [0, 0, 10]';
cam_angle    = 90;
